SampleID	Chr	Start	End	Gene
17296	1	17053947	17054020	SDHB
17296	1	45331419	45331557	MUTYH
17296	1	45332022	45332087	MUTYH
17296	1	45332390	45332489	MUTYH
17296	1	45332573	45332688	MUTYH
17296	1	45332762	45332835	MUTYH
17296	1	241519590	241519723	FH
17296	2	47369505	47369582	EPCAM
17296	2	47373807	47374049	EPCAM
17296	2	47386571	47386614	EPCAM
17296	2	47429741	47429942	MSH2
17296	2	47470964	47471063	MSH2
17296	2	47783233	47783494	MSH6
17296	3	10141847	10142188	VHL
17296	3	52405109	52405295	BAP1
17296	3	52409713	52409744	BAP1
17296	5	112821895	112821992	APC
17296	5	177133913	177133964	NSD1
17296	7	5977587	5977758	PMS2
17296	7	5978595	5978697	PMS2
17296	7	148817876	148818118	EZH2
17296	10	86756627	86756931	BMPR1A
17296	11	32427955	32428059	WT1
17296	11	32434699	32435346	WT1
17296	11	64804333	64804817	MEN1
17296	11	64805033	64805199	MEN1
17296	11	64807178	64807220	MEN1
17296	11	112086907	112086960	SDHD
17296	12	120993519	120993707	HNF1A
17296	12	120999267	120999390	HNF1A
17296	12	120999482	120999628	HNF1A
17296	12	121001064	121001193	HNF1A
17296	13	32315462	32315679	BRCA2
17296	13	48303912	48304050	RB1
17296	13	48347824	48347864	RB1
17296	13	48348955	48349024	RB1
17296	13	48380052	48380085	RB1
17296	13	48477354	48477405	RB1
17296	16	68737415	68737464	CDH1
17296	16	68738296	68738412	CDH1
17296	17	7670608	7670716	TP53
17296	17	7673700	7673838	TP53
17296	17	7675052	7675237	TP53
17296	17	7676520	7676595	TP53
17296	17	7687365	7687550	TP53
17296	17	17215184	17215317	FLCN
17296	17	17221536	17221629	FLCN
17296	17	31095309	31095370	NF1
17296	17	31374012	31374156	NF1
17296	17	35101200	35101366	RAD51D
17296	17	35103253	35103325	RAD51D
17296	17	43045677	43045803	BRCA1
17296	17	43047642	43047704	BRCA1
17296	17	43049120	43049195	BRCA1
17296	17	43082403	43082576	BRCA1
17296	19	1220580	1220718	STK11
17296	19	1227581	1228447	STK11
17298	1	17053947	17054020	SDHB
17298	1	45331419	45331557	MUTYH
17298	1	45332022	45332087	MUTYH
17298	1	45332390	45332489	MUTYH
17298	1	45332762	45332835	MUTYH
17298	1	45332917	45332960	MUTYH
17298	1	241519590	241519723	FH
17298	2	47369505	47369582	EPCAM
17298	2	47445547	47445658	MSH2
17298	2	47783233	47783494	MSH6
17298	3	10141847	10142188	VHL
17298	3	52405109	52405295	BAP1
17298	3	52406828	52406908	BAP1
17298	3	52409713	52409744	BAP1
17298	5	177133913	177133964	NSD1
17298	5	177291953	177292159	NSD1
17298	7	5977587	5977758	PMS2
17298	7	5978595	5978697	PMS2
17298	10	86756627	86756931	BMPR1A
17298	11	32399947	32400045	WT1
17298	11	32427955	32428059	WT1
17298	11	32434699	32435346	WT1
17298	11	64804333	64804817	MEN1
17298	11	64807178	64807220	MEN1
17298	11	112086907	112086960	SDHD
17298	12	120993519	120993707	HNF1A
17298	12	120999482	120999628	HNF1A
17298	13	48303912	48304050	RB1
17298	13	48380052	48380085	RB1
17298	16	68737415	68737464	CDH1
17298	17	7670608	7670716	TP53
17298	17	7675052	7675237	TP53
17298	17	17221536	17221629	FLCN
17298	17	31095309	31095370	NF1
17298	17	35101200	35101366	RAD51D
17298	17	35103253	35103325	RAD51D
17298	17	43045677	43045803	BRCA1
17298	17	43049120	43049195	BRCA1
17298	17	43057051	43057136	BRCA1
17298	17	43082403	43082576	BRCA1
17298	17	43115725	43115780	BRCA1
17298	19	1220580	1220718	STK11
17298	19	1227581	1228447	STK11
17299	1	17053947	17054020	SDHB
17299	1	45331419	45331557	MUTYH
17299	1	45332022	45332087	MUTYH
17299	1	45332390	45332489	MUTYH
17299	1	45332762	45332835	MUTYH
17299	1	45332917	45332960	MUTYH
17299	1	45333096	45333171	MUTYH
17299	1	241519590	241519723	FH
17299	2	47369505	47369582	EPCAM
17299	2	47445547	47445658	MSH2
17299	2	47783233	47783494	MSH6
17299	3	10141847	10142188	VHL
17299	3	52405109	52405295	BAP1
17299	3	52406828	52406908	BAP1
17299	3	52409713	52409744	BAP1
17299	5	177133913	177133964	NSD1
17299	7	5977587	5977758	PMS2
17299	7	5978595	5978697	PMS2
17299	10	86756627	86756931	BMPR1A
17299	11	32399947	32400045	WT1
17299	11	32427955	32428059	WT1
17299	11	32434699	32435346	WT1
17299	11	64807178	64807220	MEN1
17299	11	112086907	112086960	SDHD
17299	12	120993519	120993707	HNF1A
17299	12	120999482	120999628	HNF1A
17299	13	32315462	32315679	BRCA2
17299	13	48303912	48304050	RB1
17299	13	48380052	48380085	RB1
17299	16	68737415	68737464	CDH1
17299	17	7670608	7670716	TP53
17299	17	17221536	17221629	FLCN
17299	17	31095309	31095370	NF1
17299	17	31358968	31359016	NF1
17299	17	35101200	35101366	RAD51D
17299	17	35103253	35103325	RAD51D
17299	17	43045677	43045803	BRCA1
17299	17	43049120	43049195	BRCA1
17299	17	43057051	43057136	BRCA1
17299	17	43082403	43082576	BRCA1
17299	17	43115725	43115780	BRCA1
17299	19	1220580	1220718	STK11
17299	19	1227581	1228447	STK11
17300	1	17053947	17054020	SDHB
17300	1	45331419	45331557	MUTYH
17300	1	45332022	45332087	MUTYH
17300	1	45332390	45332489	MUTYH
17300	1	45332762	45332835	MUTYH
17300	1	45332917	45332960	MUTYH
17300	1	241519590	241519723	FH
17300	2	47369505	47369582	EPCAM
17300	2	47445547	47445658	MSH2
17300	2	47783233	47783494	MSH6
17300	3	10141847	10142188	VHL
17300	3	52405109	52405295	BAP1
17300	3	52406828	52406908	BAP1
17300	3	52409713	52409744	BAP1
17300	5	177133913	177133964	NSD1
17300	7	5977587	5977758	PMS2
17300	7	5978595	5978697	PMS2
17300	10	86756627	86756931	BMPR1A
17300	11	32399947	32400045	WT1
17300	11	32427955	32428059	WT1
17300	11	32434699	32435346	WT1
17300	11	64804333	64804817	MEN1
17300	11	64805033	64805199	MEN1
17300	11	64807178	64807220	MEN1
17300	11	112086907	112086960	SDHD
17300	12	120993519	120993707	HNF1A
17300	12	120999482	120999628	HNF1A
17300	12	121001064	121001193	HNF1A
17300	13	48303912	48304050	RB1
17300	13	48348955	48349024	RB1
17300	13	48380052	48380085	RB1
17300	13	48477354	48477405	RB1
17300	16	68737415	68737464	CDH1
17300	17	7670608	7670716	TP53
17300	17	7675052	7675237	TP53
17300	17	17216379	17216504	FLCN
17300	17	17221536	17221629	FLCN
17300	17	31095309	31095370	NF1
17300	17	31374012	31374156	NF1
17300	17	35101200	35101366	RAD51D
17300	17	35103253	35103325	RAD51D
17300	17	43045677	43045803	BRCA1
17300	17	43049120	43049195	BRCA1
17300	17	43057051	43057136	BRCA1
17300	17	43082403	43082576	BRCA1
17300	17	43115725	43115780	BRCA1
17300	19	1219323	1219414	STK11
17300	19	1220580	1220718	STK11
17300	19	1227581	1228447	STK11
17301	1	17053947	17054020	SDHB
17301	1	45331419	45331557	MUTYH
17301	1	45332022	45332087	MUTYH
17301	1	45332390	45332489	MUTYH
17301	1	45332762	45332835	MUTYH
17301	1	45332917	45332960	MUTYH
17301	1	241519590	241519723	FH
17301	2	47369505	47369582	EPCAM
17301	2	47445547	47445658	MSH2
17301	2	47783233	47783494	MSH6
17301	3	10141847	10142188	VHL
17301	3	52405109	52405295	BAP1
17301	3	52409713	52409744	BAP1
17301	5	177133913	177133964	NSD1
17301	7	5977587	5977758	PMS2
17301	7	5978595	5978697	PMS2
17301	7	148817876	148818118	EZH2
17301	10	86756627	86756931	BMPR1A
17301	11	32427955	32428059	WT1
17301	11	32434699	32435346	WT1
17301	11	64805033	64805199	MEN1
17301	11	64807178	64807220	MEN1
17301	11	112086907	112086960	SDHD
17301	12	120993519	120993707	HNF1A
17301	12	120999267	120999390	HNF1A
17301	12	120999482	120999628	HNF1A
17301	12	121001064	121001193	HNF1A
17301	13	48303912	48304050	RB1
17301	13	48380052	48380085	RB1
17301	13	48477354	48477405	RB1
17301	16	68737415	68737464	CDH1
17301	17	7670608	7670716	TP53
17301	17	7675052	7675237	TP53
17301	17	17215184	17215317	FLCN
17301	17	17216379	17216504	FLCN
17301	17	17221536	17221629	FLCN
17301	17	31095309	31095370	NF1
17301	17	31374012	31374156	NF1
17301	17	35101200	35101366	RAD51D
17301	17	35103253	35103325	RAD51D
17301	17	43045677	43045803	BRCA1
17301	17	43049120	43049195	BRCA1
17301	17	43057051	43057136	BRCA1
17301	17	43082403	43082576	BRCA1
17301	17	43115725	43115780	BRCA1
17301	19	1219323	1219414	STK11
17301	19	1220580	1220718	STK11
17301	19	1227581	1228447	STK11
17304	1	17053947	17054020	SDHB
17304	1	45331419	45331557	MUTYH
17304	1	45332022	45332087	MUTYH
17304	1	45332390	45332489	MUTYH
17304	1	45332762	45332835	MUTYH
17304	1	45332917	45332960	MUTYH
17304	1	45333096	45333171	MUTYH
17304	1	241519590	241519723	FH
17304	2	47369505	47369582	EPCAM
17304	2	47445547	47445658	MSH2
17304	2	47783233	47783494	MSH6
17304	3	10141847	10142188	VHL
17304	3	52405109	52405295	BAP1
17304	3	52406828	52406908	BAP1
17304	3	52409713	52409744	BAP1
17304	5	177133913	177133964	NSD1
17304	7	5977587	5977758	PMS2
17304	7	5978595	5978697	PMS2
17304	10	86756627	86756931	BMPR1A
17304	11	32399947	32400045	WT1
17304	11	32427955	32428059	WT1
17304	11	32434699	32435346	WT1
17304	11	64807178	64807220	MEN1
17304	11	112086907	112086960	SDHD
17304	12	120993519	120993707	HNF1A
17304	12	120999482	120999628	HNF1A
17304	13	32315462	32315679	BRCA2
17304	13	48303912	48304050	RB1
17304	13	48380052	48380085	RB1
17304	16	68737415	68737464	CDH1
17304	17	7670608	7670716	TP53
17304	17	7675052	7675237	TP53
17304	17	17221536	17221629	FLCN
17304	17	31095309	31095370	NF1
17304	17	31358968	31359016	NF1
17304	17	35101200	35101366	RAD51D
17304	17	35103253	35103325	RAD51D
17304	17	43045677	43045803	BRCA1
17304	17	43049120	43049195	BRCA1
17304	17	43057051	43057136	BRCA1
17304	17	43082403	43082576	BRCA1
17304	17	43115725	43115780	BRCA1
17304	19	1219323	1219414	STK11
17304	19	1220580	1220718	STK11
17304	19	1227581	1228447	STK11
17305	1	17053947	17054020	SDHB
17305	1	45331419	45331557	MUTYH
17305	1	45332022	45332087	MUTYH
17305	1	45332390	45332489	MUTYH
17305	1	45332762	45332835	MUTYH
17305	1	45332917	45332960	MUTYH
17305	1	45333096	45333171	MUTYH
17305	1	241519590	241519723	FH
17305	2	47369505	47369582	EPCAM
17305	2	47445547	47445658	MSH2
17305	2	47783233	47783494	MSH6
17305	3	10141847	10142188	VHL
17305	3	52405109	52405295	BAP1
17305	3	52406828	52406908	BAP1
17305	3	52409713	52409744	BAP1
17305	5	177133913	177133964	NSD1
17305	7	5977587	5977758	PMS2
17305	7	5978595	5978697	PMS2
17305	10	86756627	86756931	BMPR1A
17305	11	32399947	32400045	WT1
17305	11	32427955	32428059	WT1
17305	11	32434699	32435346	WT1
17305	11	64807178	64807220	MEN1
17305	11	112086907	112086960	SDHD
17305	12	120993519	120993707	HNF1A
17305	12	120999482	120999628	HNF1A
17305	13	32315462	32315679	BRCA2
17305	13	48303912	48304050	RB1
17305	13	48380052	48380085	RB1
17305	16	68737415	68737464	CDH1
17305	17	7670608	7670716	TP53
17305	17	7675052	7675237	TP53
17305	17	17221536	17221629	FLCN
17305	17	31095309	31095370	NF1
17305	17	31358968	31359016	NF1
17305	17	35101200	35101366	RAD51D
17305	17	35103253	35103325	RAD51D
17305	17	43045677	43045803	BRCA1
17305	17	43049120	43049195	BRCA1
17305	17	43057051	43057136	BRCA1
17305	17	43082403	43082576	BRCA1
17305	17	43115725	43115780	BRCA1
17305	19	1219323	1219414	STK11
17305	19	1220580	1220718	STK11
17305	19	1227581	1228447	STK11
17306	1	17053947	17054020	SDHB
17306	1	45331419	45331557	MUTYH
17306	1	45332022	45332087	MUTYH
17306	1	45332390	45332489	MUTYH
17306	1	45332762	45332835	MUTYH
17306	1	45332917	45332960	MUTYH
17306	1	241519590	241519723	FH
17306	2	47369505	47369582	EPCAM
17306	2	47445547	47445658	MSH2
17306	2	47783233	47783494	MSH6
17306	3	10141847	10142188	VHL
17306	3	52405109	52405295	BAP1
17306	3	52406828	52406908	BAP1
17306	3	52409713	52409744	BAP1
17306	5	177133913	177133964	NSD1
17306	7	5977587	5977758	PMS2
17306	7	5978595	5978697	PMS2
17306	10	86756627	86756931	BMPR1A
17306	11	32399947	32400045	WT1
17306	11	32427955	32428059	WT1
17306	11	32434699	32435346	WT1
17306	11	64807178	64807220	MEN1
17306	11	112086907	112086960	SDHD
17306	12	120993519	120993707	HNF1A
17306	12	120999482	120999628	HNF1A
17306	13	48303912	48304050	RB1
17306	13	48380052	48380085	RB1
17306	16	68737415	68737464	CDH1
17306	17	7670608	7670716	TP53
17306	17	17221536	17221629	FLCN
17306	17	31095309	31095370	NF1
17306	17	31374012	31374156	NF1
17306	17	35101200	35101366	RAD51D
17306	17	35103253	35103325	RAD51D
17306	17	43045677	43045803	BRCA1
17306	17	43049120	43049195	BRCA1
17306	17	43082403	43082576	BRCA1
17306	17	43115725	43115780	BRCA1
17306	19	1219323	1219414	STK11
17306	19	1220580	1220718	STK11
17308	1	17053947	17054020	SDHB
17308	1	45331419	45331557	MUTYH
17308	1	45332022	45332087	MUTYH
17308	1	45332390	45332489	MUTYH
17308	1	45332762	45332835	MUTYH
17308	1	45332917	45332960	MUTYH
17308	1	241519590	241519723	FH
17308	2	47369505	47369582	EPCAM
17308	2	47445547	47445658	MSH2
17308	2	47783233	47783494	MSH6
17308	3	10141847	10142188	VHL
17308	3	52405109	52405295	BAP1
17308	3	52406828	52406908	BAP1
17308	3	52409713	52409744	BAP1
17308	5	177133913	177133964	NSD1
17308	7	5977587	5977758	PMS2
17308	7	5978595	5978697	PMS2
17308	10	86756627	86756931	BMPR1A
17308	11	32399947	32400045	WT1
17308	11	32427955	32428059	WT1
17308	11	32434699	32435346	WT1
17308	11	64805033	64805199	MEN1
17308	11	64807178	64807220	MEN1
17308	11	112086907	112086960	SDHD
17308	12	120993519	120993707	HNF1A
17308	12	120999482	120999628	HNF1A
17308	12	121001064	121001193	HNF1A
17308	13	32315462	32315679	BRCA2
17308	13	48303912	48304050	RB1
17308	13	48380052	48380085	RB1
17308	16	68737415	68737464	CDH1
17308	17	7670608	7670716	TP53
17308	17	7675052	7675237	TP53
17308	17	17216379	17216504	FLCN
17308	17	31095309	31095370	NF1
17308	17	35101200	35101366	RAD51D
17308	17	35103253	35103325	RAD51D
17308	17	43045677	43045803	BRCA1
17308	17	43049120	43049195	BRCA1
17308	17	43057051	43057136	BRCA1
17308	17	43082403	43082576	BRCA1
17308	17	43115725	43115780	BRCA1
17308	19	1220580	1220718	STK11
17308	19	1227581	1228447	STK11
17309	1	17053947	17054020	SDHB
17309	1	45331419	45331557	MUTYH
17309	1	45332022	45332087	MUTYH
17309	1	45332390	45332489	MUTYH
17309	1	45332762	45332835	MUTYH
17309	1	45332917	45332960	MUTYH
17309	1	241519590	241519723	FH
17309	2	47369505	47369582	EPCAM
17309	2	47445547	47445658	MSH2
17309	2	47783233	47783494	MSH6
17309	3	10141847	10142188	VHL
17309	3	52405109	52405295	BAP1
17309	3	52406828	52406908	BAP1
17309	3	52409713	52409744	BAP1
17309	5	177133913	177133964	NSD1
17309	7	5977587	5977758	PMS2
17309	7	5978595	5978697	PMS2
17309	10	86756627	86756931	BMPR1A
17309	11	32399947	32400045	WT1
17309	11	32427955	32428059	WT1
17309	11	32434699	32435346	WT1
17309	11	64804333	64804817	MEN1
17309	11	64805033	64805199	MEN1
17309	11	64807178	64807220	MEN1
17309	11	112086907	112086960	SDHD
17309	12	120993519	120993707	HNF1A
17309	12	120999482	120999628	HNF1A
17309	12	121001064	121001193	HNF1A
17309	13	48303912	48304050	RB1
17309	13	48348955	48349024	RB1
17309	13	48380052	48380085	RB1
17309	13	48477354	48477405	RB1
17309	16	68737415	68737464	CDH1
17309	17	7670608	7670716	TP53
17309	17	7675052	7675237	TP53
17309	17	17216379	17216504	FLCN
17309	17	31095309	31095370	NF1
17309	17	35101200	35101366	RAD51D
17309	17	35103253	35103325	RAD51D
17309	17	43045677	43045803	BRCA1
17309	17	43049120	43049195	BRCA1
17309	17	43057051	43057136	BRCA1
17309	17	43082403	43082576	BRCA1
17309	17	43115725	43115780	BRCA1
17309	19	1219323	1219414	STK11
17309	19	1220580	1220718	STK11
17309	19	1227581	1228447	STK11
17310	1	17053947	17054020	SDHB
17310	1	45331419	45331557	MUTYH
17310	1	45332022	45332087	MUTYH
17310	1	45332390	45332489	MUTYH
17310	1	45332762	45332835	MUTYH
17310	1	45332917	45332960	MUTYH
17310	1	45333096	45333171	MUTYH
17310	1	241519590	241519723	FH
17310	2	47369505	47369582	EPCAM
17310	2	47445547	47445658	MSH2
17310	2	47783233	47783494	MSH6
17310	3	10141847	10142188	VHL
17310	3	52405109	52405295	BAP1
17310	3	52406828	52406908	BAP1
17310	3	52409713	52409744	BAP1
17310	5	177133913	177133964	NSD1
17310	7	5977587	5977758	PMS2
17310	7	5978595	5978697	PMS2
17310	10	86756627	86756931	BMPR1A
17310	11	32399947	32400045	WT1
17310	11	32427955	32428059	WT1
17310	11	32434699	32435346	WT1
17310	11	64807178	64807220	MEN1
17310	11	112086907	112086960	SDHD
17310	12	120993519	120993707	HNF1A
17310	12	120999482	120999628	HNF1A
17310	13	32315462	32315679	BRCA2
17310	13	48303912	48304050	RB1
17310	13	48380052	48380085	RB1
17310	16	68737415	68737464	CDH1
17310	17	7670608	7670716	TP53
17310	17	7675052	7675237	TP53
17310	17	17221536	17221629	FLCN
17310	17	31095309	31095370	NF1
17310	17	35101200	35101366	RAD51D
17310	17	35103253	35103325	RAD51D
17310	17	43045677	43045803	BRCA1
17310	17	43049120	43049195	BRCA1
17310	17	43057051	43057136	BRCA1
17310	17	43082403	43082576	BRCA1
17310	17	43115725	43115780	BRCA1
17310	19	1220580	1220718	STK11
17310	19	1227581	1228447	STK11
17311	1	17053947	17054020	SDHB
17311	1	45331419	45331557	MUTYH
17311	1	45332022	45332087	MUTYH
17311	1	45332390	45332489	MUTYH
17311	1	45332573	45332688	MUTYH
17311	1	45332762	45332835	MUTYH
17311	1	45332917	45332960	MUTYH
17311	1	241519590	241519723	FH
17311	2	47369505	47369582	EPCAM
17311	2	47373807	47374049	EPCAM
17311	2	47445547	47445658	MSH2
17311	2	47470964	47471063	MSH2
17311	2	47783233	47783494	MSH6
17311	3	10141847	10142188	VHL
17311	3	52405109	52405295	BAP1
17311	3	52409713	52409744	BAP1
17311	5	177133913	177133964	NSD1
17311	7	5977587	5977758	PMS2
17311	7	5978595	5978697	PMS2
17311	10	86756627	86756931	BMPR1A
17311	11	32427955	32428059	WT1
17311	11	32434699	32435346	WT1
17311	11	64804333	64804817	MEN1
17311	11	64807178	64807220	MEN1
17311	11	112086907	112086960	SDHD
17311	12	120993519	120993707	HNF1A
17311	12	120999267	120999390	HNF1A
17311	12	120999482	120999628	HNF1A
17311	12	121001064	121001193	HNF1A
17311	13	48303912	48304050	RB1
17311	13	48347824	48347864	RB1
17311	13	48348955	48349024	RB1
17311	13	48380052	48380085	RB1
17311	13	48477354	48477405	RB1
17311	16	68737415	68737464	CDH1
17311	17	7670608	7670716	TP53
17311	17	7675052	7675237	TP53
17311	17	7676520	7676595	TP53
17311	17	7687365	7687550	TP53
17311	17	17215184	17215317	FLCN
17311	17	17221536	17221629	FLCN
17311	17	31095309	31095370	NF1
17311	17	31358968	31359016	NF1
17311	17	31374012	31374156	NF1
17311	17	35101200	35101366	RAD51D
17311	17	35103253	35103325	RAD51D
17311	17	43045677	43045803	BRCA1
17311	17	43049120	43049195	BRCA1
17311	17	43057051	43057136	BRCA1
17311	17	43082403	43082576	BRCA1
17311	17	43115725	43115780	BRCA1
17311	19	1220580	1220718	STK11
17311	19	1227581	1228447	STK11
17312	1	17053947	17054020	SDHB
17312	1	45331419	45331557	MUTYH
17312	1	45332022	45332087	MUTYH
17312	1	45332390	45332489	MUTYH
17312	1	45332762	45332835	MUTYH
17312	1	45332917	45332960	MUTYH
17312	1	241519590	241519723	FH
17312	2	47369505	47369582	EPCAM
17312	2	47445547	47445658	MSH2
17312	2	47783233	47783494	MSH6
17312	3	10141847	10142188	VHL
17312	3	52405109	52405295	BAP1
17312	3	52406828	52406908	BAP1
17312	5	177133913	177133964	NSD1
17312	7	5977587	5977758	PMS2
17312	7	5978595	5978697	PMS2
17312	10	86756627	86756931	BMPR1A
17312	11	32399947	32400045	WT1
17312	11	32427955	32428059	WT1
17312	11	32434699	32435346	WT1
17312	11	64807178	64807220	MEN1
17312	11	112086907	112086960	SDHD
17312	12	120993519	120993707	HNF1A
17312	12	120999482	120999628	HNF1A
17312	12	121001064	121001193	HNF1A
17312	13	32315462	32315679	BRCA2
17312	13	48303912	48304050	RB1
17312	13	48380052	48380085	RB1
17312	16	68737415	68737464	CDH1
17312	17	7670608	7670716	TP53
17312	17	7675052	7675237	TP53
17312	17	31095309	31095370	NF1
17312	17	35101200	35101366	RAD51D
17312	17	35103253	35103325	RAD51D
17312	17	43045677	43045803	BRCA1
17312	17	43049120	43049195	BRCA1
17312	17	43057051	43057136	BRCA1
17312	17	43082403	43082576	BRCA1
17312	17	43115725	43115780	BRCA1
17312	19	1219323	1219414	STK11
17312	19	1220580	1220718	STK11
17312	19	1227581	1228447	STK11
17313	1	17053947	17054020	SDHB
17313	1	45331419	45331557	MUTYH
17313	1	45332022	45332087	MUTYH
17313	1	45332390	45332489	MUTYH
17313	1	45332762	45332835	MUTYH
17313	1	45332917	45332960	MUTYH
17313	1	45333096	45333171	MUTYH
17313	1	241519590	241519723	FH
17313	2	47369505	47369582	EPCAM
17313	2	47445547	47445658	MSH2
17313	2	47783233	47783494	MSH6
17313	3	10141847	10142188	VHL
17313	3	52405109	52405295	BAP1
17313	3	52406828	52406908	BAP1
17313	3	52409713	52409744	BAP1
17313	5	177133913	177133964	NSD1
17313	7	5977587	5977758	PMS2
17313	7	5978595	5978697	PMS2
17313	10	86756627	86756931	BMPR1A
17313	11	32399947	32400045	WT1
17313	11	32427955	32428059	WT1
17313	11	32434699	32435346	WT1
17313	11	64807178	64807220	MEN1
17313	11	112086907	112086960	SDHD
17313	12	120993519	120993707	HNF1A
17313	12	120999482	120999628	HNF1A
17313	13	32315462	32315679	BRCA2
17313	13	48303912	48304050	RB1
17313	13	48380052	48380085	RB1
17313	16	68737415	68737464	CDH1
17313	17	7670608	7670716	TP53
17313	17	17221536	17221629	FLCN
17313	17	31095309	31095370	NF1
17313	17	31358968	31359016	NF1
17313	17	35101200	35101366	RAD51D
17313	17	35103253	35103325	RAD51D
17313	17	43045677	43045803	BRCA1
17313	17	43049120	43049195	BRCA1
17313	17	43057051	43057136	BRCA1
17313	17	43082403	43082576	BRCA1
17313	17	43115725	43115780	BRCA1
17313	19	1219323	1219414	STK11
17313	19	1220580	1220718	STK11
17313	19	1227581	1228447	STK11
17314	1	17053947	17054020	SDHB
17314	1	45331419	45331557	MUTYH
17314	1	45332022	45332087	MUTYH
17314	1	45332390	45332489	MUTYH
17314	1	45332762	45332835	MUTYH
17314	1	241519590	241519723	FH
17314	2	47369505	47369582	EPCAM
17314	2	47445547	47445658	MSH2
17314	2	47783233	47783494	MSH6
17314	3	10141847	10142188	VHL
17314	3	52405109	52405295	BAP1
17314	3	52406828	52406908	BAP1
17314	5	177133913	177133964	NSD1
17314	7	5977587	5977758	PMS2
17314	7	5978595	5978697	PMS2
17314	10	86756627	86756931	BMPR1A
17314	11	32399947	32400045	WT1
17314	11	32427955	32428059	WT1
17314	11	32434699	32435346	WT1
17314	11	64807178	64807220	MEN1
17314	11	112086907	112086960	SDHD
17314	12	120993519	120993707	HNF1A
17314	12	120999482	120999628	HNF1A
17314	13	48303912	48304050	RB1
17314	13	48380052	48380085	RB1
17314	16	68737415	68737464	CDH1
17314	17	7670608	7670716	TP53
17314	17	17221536	17221629	FLCN
17314	17	31095309	31095370	NF1
17314	17	35101200	35101366	RAD51D
17314	17	35103253	35103325	RAD51D
17314	17	43045677	43045803	BRCA1
17314	17	43049120	43049195	BRCA1
17314	17	43057051	43057136	BRCA1
17314	17	43082403	43082576	BRCA1
17314	17	43115725	43115780	BRCA1
17314	19	1220580	1220718	STK11
17315	1	17053947	17054020	SDHB
17315	1	45331419	45331557	MUTYH
17315	1	45332022	45332087	MUTYH
17315	1	45332390	45332489	MUTYH
17315	1	45332762	45332835	MUTYH
17315	1	241519590	241519723	FH
17315	2	47369505	47369582	EPCAM
17315	2	47445547	47445658	MSH2
17315	2	47783233	47783494	MSH6
17315	3	10141847	10142188	VHL
17315	3	52405109	52405295	BAP1
17315	3	52409713	52409744	BAP1
17315	5	177133913	177133964	NSD1
17315	5	177291953	177292159	NSD1
17315	7	5977587	5977758	PMS2
17315	7	5978595	5978697	PMS2
17315	7	148817876	148818118	EZH2
17315	10	86756627	86756931	BMPR1A
17315	11	32399947	32400045	WT1
17315	11	32427955	32428059	WT1
17315	11	32434699	32435346	WT1
17315	11	64804333	64804817	MEN1
17315	11	64805033	64805199	MEN1
17315	11	64807178	64807220	MEN1
17315	11	112086907	112086960	SDHD
17315	12	120993519	120993707	HNF1A
17315	12	120999482	120999628	HNF1A
17315	13	48303912	48304050	RB1
17315	13	48380052	48380085	RB1
17315	16	68737415	68737464	CDH1
17315	17	7670608	7670716	TP53
17315	17	17221536	17221629	FLCN
17315	17	31095309	31095370	NF1
17315	17	35101200	35101366	RAD51D
17315	17	35103253	35103325	RAD51D
17315	17	43045677	43045803	BRCA1
17315	17	43049120	43049195	BRCA1
17315	17	43057051	43057136	BRCA1
17315	17	43082403	43082576	BRCA1
17315	17	43115725	43115780	BRCA1
17315	19	1220580	1220718	STK11
17315	19	1227581	1228447	STK11
17316	1	17053947	17054020	SDHB
17316	1	45331419	45331557	MUTYH
17316	1	45332022	45332087	MUTYH
17316	1	45332390	45332489	MUTYH
17316	1	45332762	45332835	MUTYH
17316	1	45332917	45332960	MUTYH
17316	1	241519590	241519723	FH
17316	2	47369505	47369582	EPCAM
17316	2	47783233	47783494	MSH6
17316	3	10141847	10142188	VHL
17316	3	52405109	52405295	BAP1
17316	3	52406828	52406908	BAP1
17316	3	52409713	52409744	BAP1
17316	5	177133913	177133964	NSD1
17316	5	177291953	177292159	NSD1
17316	7	5977587	5977758	PMS2
17316	7	5978595	5978697	PMS2
17316	7	148817876	148818118	EZH2
17316	10	86756627	86756931	BMPR1A
17316	11	32399947	32400045	WT1
17316	11	32427955	32428059	WT1
17316	11	32434699	32435346	WT1
17316	11	64804333	64804817	MEN1
17316	11	64807178	64807220	MEN1
17316	11	112086907	112086960	SDHD
17316	12	120993519	120993707	HNF1A
17316	12	120999482	120999628	HNF1A
17316	13	48303912	48304050	RB1
17316	13	48380052	48380085	RB1
17316	16	68737415	68737464	CDH1
17316	17	7670608	7670716	TP53
17316	17	7675052	7675237	TP53
17316	17	17221536	17221629	FLCN
17316	17	31095309	31095370	NF1
17316	17	35101200	35101366	RAD51D
17316	17	35103253	35103325	RAD51D
17316	17	43045677	43045803	BRCA1
17316	17	43049120	43049195	BRCA1
17316	17	43057051	43057136	BRCA1
17316	17	43082403	43082576	BRCA1
17316	17	43115725	43115780	BRCA1
17316	19	1220580	1220718	STK11
17316	19	1227581	1228447	STK11
17317	1	17053947	17054020	SDHB
17317	1	45331419	45331557	MUTYH
17317	1	45332022	45332087	MUTYH
17317	1	45332390	45332489	MUTYH
17317	1	45332762	45332835	MUTYH
17317	1	45332917	45332960	MUTYH
17317	1	241519590	241519723	FH
17317	2	47369505	47369582	EPCAM
17317	2	47445547	47445658	MSH2
17317	2	47783233	47783494	MSH6
17317	3	10141847	10142188	VHL
17317	3	52405109	52405295	BAP1
17317	3	52406828	52406908	BAP1
17317	3	52409713	52409744	BAP1
17317	5	177133913	177133964	NSD1
17317	5	177291953	177292159	NSD1
17317	7	5977587	5977758	PMS2
17317	7	5978595	5978697	PMS2
17317	10	86756627	86756931	BMPR1A
17317	11	32399947	32400045	WT1
17317	11	32427955	32428059	WT1
17317	11	32434699	32435346	WT1
17317	11	64804333	64804817	MEN1
17317	11	64807178	64807220	MEN1
17317	11	112086907	112086960	SDHD
17317	12	120993519	120993707	HNF1A
17317	12	120999482	120999628	HNF1A
17317	13	48303912	48304050	RB1
17317	13	48380052	48380085	RB1
17317	16	68737415	68737464	CDH1
17317	17	7670608	7670716	TP53
17317	17	7675052	7675237	TP53
17317	17	17221536	17221629	FLCN
17317	17	31095309	31095370	NF1
17317	17	35101200	35101366	RAD51D
17317	17	35103253	35103325	RAD51D
17317	17	43045677	43045803	BRCA1
17317	17	43049120	43049195	BRCA1
17317	17	43057051	43057136	BRCA1
17317	17	43082403	43082576	BRCA1
17317	19	1220580	1220718	STK11
17317	19	1227581	1228447	STK11
17319	1	17053947	17054020	SDHB
17319	1	45331419	45331557	MUTYH
17319	1	45332022	45332087	MUTYH
17319	1	45332390	45332489	MUTYH
17319	1	45332762	45332835	MUTYH
17319	1	45332917	45332960	MUTYH
17319	1	241519590	241519723	FH
17319	2	47369505	47369582	EPCAM
17319	2	47445547	47445658	MSH2
17319	2	47783233	47783494	MSH6
17319	3	10141847	10142188	VHL
17319	3	52405109	52405295	BAP1
17319	3	52406828	52406908	BAP1
17319	3	52409713	52409744	BAP1
17319	5	177133913	177133964	NSD1
17319	7	5977587	5977758	PMS2
17319	7	5978595	5978697	PMS2
17319	10	86756627	86756931	BMPR1A
17319	11	32399947	32400045	WT1
17319	11	32427955	32428059	WT1
17319	11	32434699	32435346	WT1
17319	11	64805033	64805199	MEN1
17319	11	64807178	64807220	MEN1
17319	11	112086907	112086960	SDHD
17319	12	120993519	120993707	HNF1A
17319	12	120999482	120999628	HNF1A
17319	12	121001064	121001193	HNF1A
17319	13	48303912	48304050	RB1
17319	13	48348955	48349024	RB1
17319	13	48380052	48380085	RB1
17319	13	48477354	48477405	RB1
17319	16	68737415	68737464	CDH1
17319	17	7670608	7670716	TP53
17319	17	7675052	7675237	TP53
17319	17	17216379	17216504	FLCN
17319	17	31095309	31095370	NF1
17319	17	35101200	35101366	RAD51D
17319	17	35103253	35103325	RAD51D
17319	17	43045677	43045803	BRCA1
17319	17	43049120	43049195	BRCA1
17319	17	43057051	43057136	BRCA1
17319	17	43082403	43082576	BRCA1
17319	17	43115725	43115780	BRCA1
17319	19	1219323	1219414	STK11
17319	19	1220580	1220718	STK11
17319	19	1227581	1228447	STK11
17320	1	17053947	17054020	SDHB
17320	1	45331419	45331557	MUTYH
17320	1	45332022	45332087	MUTYH
17320	1	45332390	45332489	MUTYH
17320	1	45332762	45332835	MUTYH
17320	1	45332917	45332960	MUTYH
17320	1	241519590	241519723	FH
17320	2	47369505	47369582	EPCAM
17320	2	47445547	47445658	MSH2
17320	2	47783233	47783494	MSH6
17320	3	10141847	10142188	VHL
17320	3	52405109	52405295	BAP1
17320	3	52409713	52409744	BAP1
17320	5	177133913	177133964	NSD1
17320	7	5977587	5977758	PMS2
17320	7	5978595	5978697	PMS2
17320	7	148817876	148818118	EZH2
17320	10	86756627	86756931	BMPR1A
17320	11	32427955	32428059	WT1
17320	11	32434699	32435346	WT1
17320	11	64804333	64804817	MEN1
17320	11	64805033	64805199	MEN1
17320	11	64807178	64807220	MEN1
17320	11	112086907	112086960	SDHD
17320	12	120993519	120993707	HNF1A
17320	12	120999267	120999390	HNF1A
17320	12	120999482	120999628	HNF1A
17320	12	121001064	121001193	HNF1A
17320	13	48303912	48304050	RB1
17320	13	48348955	48349024	RB1
17320	13	48380052	48380085	RB1
17320	13	48477354	48477405	RB1
17320	16	68737415	68737464	CDH1
17320	17	7670608	7670716	TP53
17320	17	7675052	7675237	TP53
17320	17	17215184	17215317	FLCN
17320	17	17216379	17216504	FLCN
17320	17	17221536	17221629	FLCN
17320	17	31095309	31095370	NF1
17320	17	31374012	31374156	NF1
17320	17	35101200	35101366	RAD51D
17320	17	35103253	35103325	RAD51D
17320	17	43049120	43049195	BRCA1
17320	17	43057051	43057136	BRCA1
17320	17	43082403	43082576	BRCA1
17320	17	43115725	43115780	BRCA1
17320	19	1219323	1219414	STK11
17320	19	1220580	1220718	STK11
17320	19	1227581	1228447	STK11
17326	1	17053947	17054020	SDHB
17326	1	45331419	45331557	MUTYH
17326	1	45332022	45332087	MUTYH
17326	1	45332390	45332489	MUTYH
17326	1	45332762	45332835	MUTYH
17326	1	45332917	45332960	MUTYH
17326	1	241519590	241519723	FH
17326	2	47369505	47369582	EPCAM
17326	2	47445547	47445658	MSH2
17326	2	47783233	47783494	MSH6
17326	3	10141847	10142188	VHL
17326	3	52405109	52405295	BAP1
17326	3	52406828	52406908	BAP1
17326	3	52409713	52409744	BAP1
17326	5	177133913	177133964	NSD1
17326	7	5977587	5977758	PMS2
17326	7	5978595	5978697	PMS2
17326	7	148817876	148818118	EZH2
17326	10	86756627	86756931	BMPR1A
17326	11	32399947	32400045	WT1
17326	11	32427955	32428059	WT1
17326	11	32434699	32435346	WT1
17326	11	64804333	64804817	MEN1
17326	11	64807178	64807220	MEN1
17326	11	112086907	112086960	SDHD
17326	12	120993519	120993707	HNF1A
17326	12	120999482	120999628	HNF1A
17326	12	121001064	121001193	HNF1A
17326	13	48303912	48304050	RB1
17326	13	48380052	48380085	RB1
17326	13	48477354	48477405	RB1
17326	16	68737415	68737464	CDH1
17326	17	7670608	7670716	TP53
17326	17	7675052	7675237	TP53
17326	17	17221536	17221629	FLCN
17326	17	31095309	31095370	NF1
17326	17	35101200	35101366	RAD51D
17326	17	35103253	35103325	RAD51D
17326	17	43045677	43045803	BRCA1
17326	17	43057051	43057136	BRCA1
17326	17	43082403	43082576	BRCA1
17326	17	43115725	43115780	BRCA1
17326	19	1220580	1220718	STK11
17326	19	1227581	1228447	STK11
17327	1	17053947	17054020	SDHB
17327	1	45331419	45331557	MUTYH
17327	1	45332022	45332087	MUTYH
17327	1	45332390	45332489	MUTYH
17327	1	45332573	45332688	MUTYH
17327	1	45332762	45332835	MUTYH
17327	1	45332917	45332960	MUTYH
17327	1	241519590	241519723	FH
17327	2	47369505	47369582	EPCAM
17327	2	47373807	47374049	EPCAM
17327	2	47445547	47445658	MSH2
17327	2	47470964	47471063	MSH2
17327	2	47783233	47783494	MSH6
17327	3	10141847	10142188	VHL
17327	3	52405109	52405295	BAP1
17327	3	52409713	52409744	BAP1
17327	5	177133913	177133964	NSD1
17327	7	5977587	5977758	PMS2
17327	7	5978595	5978697	PMS2
17327	10	86756627	86756931	BMPR1A
17327	11	32427955	32428059	WT1
17327	11	32434699	32435346	WT1
17327	11	64804333	64804817	MEN1
17327	11	64807178	64807220	MEN1
17327	11	112086907	112086960	SDHD
17327	12	120993519	120993707	HNF1A
17327	12	120999267	120999390	HNF1A
17327	12	120999482	120999628	HNF1A
17327	12	121001064	121001193	HNF1A
17327	13	48303912	48304050	RB1
17327	13	48347824	48347864	RB1
17327	13	48348955	48349024	RB1
17327	13	48380052	48380085	RB1
17327	13	48477354	48477405	RB1
17327	16	68737415	68737464	CDH1
17327	17	7670608	7670716	TP53
17327	17	7675052	7675237	TP53
17327	17	7676520	7676595	TP53
17327	17	7687365	7687550	TP53
17327	17	17215184	17215317	FLCN
17327	17	17221536	17221629	FLCN
17327	17	31095309	31095370	NF1
17327	17	31358968	31359016	NF1
17327	17	31374012	31374156	NF1
17327	17	35101200	35101366	RAD51D
17327	17	35103253	35103325	RAD51D
17327	17	43045677	43045803	BRCA1
17327	17	43049120	43049195	BRCA1
17327	17	43057051	43057136	BRCA1
17327	17	43082403	43082576	BRCA1
17327	17	43115725	43115780	BRCA1
17327	19	1220580	1220718	STK11
17327	19	1227581	1228447	STK11
17328	1	17053947	17054020	SDHB
17328	1	45331419	45331557	MUTYH
17328	1	45332022	45332087	MUTYH
17328	1	45332390	45332489	MUTYH
17328	1	45332762	45332835	MUTYH
17328	1	45332917	45332960	MUTYH
17328	1	45333096	45333171	MUTYH
17328	1	241519590	241519723	FH
17328	2	47369505	47369582	EPCAM
17328	2	47445547	47445658	MSH2
17328	2	47783233	47783494	MSH6
17328	3	10141847	10142188	VHL
17328	3	52406828	52406908	BAP1
17328	3	52409713	52409744	BAP1
17328	5	177133913	177133964	NSD1
17328	7	5977587	5977758	PMS2
17328	7	5978595	5978697	PMS2
17328	10	86756627	86756931	BMPR1A
17328	11	32399947	32400045	WT1
17328	11	32427955	32428059	WT1
17328	11	32434699	32435346	WT1
17328	11	64807178	64807220	MEN1
17328	11	112086907	112086960	SDHD
17328	12	120993519	120993707	HNF1A
17328	12	120999482	120999628	HNF1A
17328	12	121001064	121001193	HNF1A
17328	13	48303912	48304050	RB1
17328	13	48380052	48380085	RB1
17328	16	68737415	68737464	CDH1
17328	17	7670608	7670716	TP53
17328	17	7675052	7675237	TP53
17328	17	17216379	17216504	FLCN
17328	17	17221536	17221629	FLCN
17328	17	31095309	31095370	NF1
17328	17	31358968	31359016	NF1
17328	17	35101200	35101366	RAD51D
17328	17	35103253	35103325	RAD51D
17328	17	43045677	43045803	BRCA1
17328	17	43049120	43049195	BRCA1
17328	17	43057051	43057136	BRCA1
17328	17	43082403	43082576	BRCA1
17328	17	43115725	43115780	BRCA1
17328	19	1220580	1220718	STK11
17328	19	1227581	1228447	STK11
17329	1	17053947	17054020	SDHB
17329	1	45331419	45331557	MUTYH
17329	1	45332022	45332087	MUTYH
17329	1	45332390	45332489	MUTYH
17329	1	45332762	45332835	MUTYH
17329	1	45332917	45332960	MUTYH
17329	1	241519590	241519723	FH
17329	2	47369505	47369582	EPCAM
17329	2	47445547	47445658	MSH2
17329	2	47783233	47783494	MSH6
17329	3	10141847	10142188	VHL
17329	3	52405109	52405295	BAP1
17329	3	52406828	52406908	BAP1
17329	3	52409713	52409744	BAP1
17329	5	177133913	177133964	NSD1
17329	7	5977587	5977758	PMS2
17329	7	5978595	5978697	PMS2
17329	10	86756627	86756931	BMPR1A
17329	11	32427955	32428059	WT1
17329	11	32434699	32435346	WT1
17329	11	64804333	64804817	MEN1
17329	11	64805033	64805199	MEN1
17329	11	64807178	64807220	MEN1
17329	11	112086907	112086960	SDHD
17329	12	120993519	120993707	HNF1A
17329	12	120999482	120999628	HNF1A
17329	12	121001064	121001193	HNF1A
17329	13	32315462	32315679	BRCA2
17329	13	48303912	48304050	RB1
17329	13	48380052	48380085	RB1
17329	16	68737415	68737464	CDH1
17329	17	7670608	7670716	TP53
17329	17	7675052	7675237	TP53
17329	17	17216379	17216504	FLCN
17329	17	31095309	31095370	NF1
17329	17	31374012	31374156	NF1
17329	17	35101200	35101366	RAD51D
17329	17	35103253	35103325	RAD51D
17329	17	43045677	43045803	BRCA1
17329	17	43049120	43049195	BRCA1
17329	17	43057051	43057136	BRCA1
17329	17	43082403	43082576	BRCA1
17329	17	43115725	43115780	BRCA1
17329	19	1220580	1220718	STK11
17329	19	1227581	1228447	STK11
17330	1	17053947	17054020	SDHB
17330	1	45331419	45331557	MUTYH
17330	1	45332022	45332087	MUTYH
17330	1	45332390	45332489	MUTYH
17330	1	45332762	45332835	MUTYH
17330	1	45332917	45332960	MUTYH
17330	1	241519590	241519723	FH
17330	2	47369505	47369582	EPCAM
17330	2	47445547	47445658	MSH2
17330	2	47783233	47783494	MSH6
17330	3	10141847	10142188	VHL
17330	3	52405109	52405295	BAP1
17330	3	52406828	52406908	BAP1
17330	3	52409713	52409744	BAP1
17330	5	177133913	177133964	NSD1
17330	7	5977587	5977758	PMS2
17330	7	5978595	5978697	PMS2
17330	10	86756627	86756931	BMPR1A
17330	11	32399947	32400045	WT1
17330	11	32427955	32428059	WT1
17330	11	32434699	32435346	WT1
17330	11	64807178	64807220	MEN1
17330	11	112086907	112086960	SDHD
17330	12	120993519	120993707	HNF1A
17330	12	120999482	120999628	HNF1A
17330	12	121001064	121001193	HNF1A
17330	13	48303912	48304050	RB1
17330	13	48380052	48380085	RB1
17330	16	68737415	68737464	CDH1
17330	17	7670608	7670716	TP53
17330	17	7675052	7675237	TP53
17330	17	17221536	17221629	FLCN
17330	17	31095309	31095370	NF1
17330	17	35101200	35101366	RAD51D
17330	17	35103253	35103325	RAD51D
17330	17	43045677	43045803	BRCA1
17330	17	43049120	43049195	BRCA1
17330	17	43057051	43057136	BRCA1
17330	17	43082403	43082576	BRCA1
17330	17	43115725	43115780	BRCA1
17330	19	1220580	1220718	STK11
17330	19	1227581	1228447	STK11
17333	1	17053947	17054020	SDHB
17333	1	45331419	45331557	MUTYH
17333	1	45332022	45332087	MUTYH
17333	1	45332390	45332489	MUTYH
17333	1	45332762	45332835	MUTYH
17333	1	45332917	45332960	MUTYH
17333	1	241519590	241519723	FH
17333	2	47369505	47369582	EPCAM
17333	2	47373807	47374049	EPCAM
17333	2	47386571	47386614	EPCAM
17333	2	47445547	47445658	MSH2
17333	2	47470964	47471063	MSH2
17333	2	47783233	47783494	MSH6
17333	3	10141847	10142188	VHL
17333	3	52405109	52405295	BAP1
17333	3	52409713	52409744	BAP1
17333	5	112821895	112821992	APC
17333	5	177133913	177133964	NSD1
17333	7	5977587	5977758	PMS2
17333	7	5978595	5978697	PMS2
17333	7	148817876	148818118	EZH2
17333	10	86756627	86756931	BMPR1A
17333	11	32427955	32428059	WT1
17333	11	32434699	32435346	WT1
17333	11	64804333	64804817	MEN1
17333	11	64807178	64807220	MEN1
17333	11	112086907	112086960	SDHD
17333	12	120993519	120993707	HNF1A
17333	12	120999267	120999390	HNF1A
17333	12	120999482	120999628	HNF1A
17333	12	121001064	121001193	HNF1A
17333	13	48303912	48304050	RB1
17333	13	48347824	48347864	RB1
17333	13	48380052	48380085	RB1
17333	13	48477354	48477405	RB1
17333	16	68737415	68737464	CDH1
17333	17	7670608	7670716	TP53
17333	17	7673700	7673838	TP53
17333	17	7675052	7675237	TP53
17333	17	7676520	7676595	TP53
17333	17	7687365	7687550	TP53
17333	17	17215184	17215317	FLCN
17333	17	17221536	17221629	FLCN
17333	17	31095309	31095370	NF1
17333	17	31374012	31374156	NF1
17333	17	35101200	35101366	RAD51D
17333	17	35103253	35103325	RAD51D
17333	17	43045677	43045803	BRCA1
17333	17	43047642	43047704	BRCA1
17333	17	43049120	43049195	BRCA1
17333	17	43082403	43082576	BRCA1
17333	19	1220580	1220718	STK11
17333	19	1227581	1228447	STK11
17339	1	45331419	45331557	MUTYH
17339	1	45331660	45331850	MUTYH
17339	1	45332022	45332087	MUTYH
17339	1	45332165	45332311	MUTYH
17339	1	45332390	45332489	MUTYH
17339	1	45332573	45332688	MUTYH
17339	1	45332762	45332835	MUTYH
17339	1	45332917	45332960	MUTYH
17339	1	45333096	45333171	MUTYH
17339	1	45333284	45333325	MUTYH
17339	1	241519590	241519723	FH
17339	2	47369505	47369582	EPCAM
17339	2	47386571	47386614	EPCAM
17339	2	47414268	47414419	MSH2
17339	2	47429741	47429942	MSH2
17339	2	47470964	47471063	MSH2
17339	2	47783233	47783494	MSH6
17339	3	10141847	10142188	VHL
17339	3	37000954	37001054	MLH1
17339	3	52403415	52403895	BAP1
17339	3	52404452	52404587	BAP1
17339	3	52405109	52405295	BAP1
17339	3	52406828	52406908	BAP1
17339	3	52407173	52407317	BAP1
17339	3	52407398	52407461	BAP1
17339	3	52409713	52409744	BAP1
17339	3	52409841	52409879	BAP1
17339	5	112775628	112775738	APC
17339	5	177133913	177133964	NSD1
17339	7	5977587	5977758	PMS2
17339	7	5978595	5978697	PMS2
17339	10	86756627	86756931	BMPR1A
17339	10	86923375	86923507	BMPR1A
17339	10	87864469	87864549	PTEN
17339	10	87925512	87925558	PTEN
17339	11	32399947	32400045	WT1
17339	11	32427955	32428059	WT1
17339	11	32434699	32435346	WT1
17339	11	64804333	64804817	MEN1
17339	11	64805033	64805199	MEN1
17339	11	64807010	64807099	MEN1
17339	11	64807178	64807220	MEN1
17339	11	64807551	64807681	MEN1
17339	11	64807890	64808100	MEN1
17339	11	64810618	64810728	MEN1
17339	11	108227775	108227889	ATM
17339	11	112086907	112086960	SDHD
17339	12	120988832	120989033	HNF1A
17339	12	120993519	120993707	HNF1A
17339	12	120996261	120996414	HNF1A
17339	12	120997473	120997666	HNF1A
17339	12	120999267	120999390	HNF1A
17339	12	120999482	120999628	HNF1A
17339	12	121001064	121001193	HNF1A
17339	13	32315462	32315679	BRCA2
17339	13	32316460	32316528	BRCA2
17339	13	48303912	48304050	RB1
17339	13	48347824	48347864	RB1
17339	13	48348955	48349024	RB1
17339	13	48380052	48380085	RB1
17339	13	48380164	48380242	RB1
17339	13	48477354	48477405	RB1
17339	16	68737415	68737464	CDH1
17339	16	68738296	68738412	CDH1
17339	17	7670608	7670716	TP53
17339	17	7673700	7673838	TP53
17339	17	7675052	7675237	TP53
17339	17	7676520	7676595	TP53
17339	17	7687365	7687550	TP53
17339	17	17215184	17215317	FLCN
17339	17	17216379	17216504	FLCN
17339	17	17236900	17237151	FLCN
17339	17	31095309	31095370	NF1
17339	17	35101200	35101366	RAD51D
17339	17	35119531	35119614	RAD51D
17339	17	43045677	43045803	BRCA1
17339	17	43049120	43049195	BRCA1
17339	17	43057051	43057136	BRCA1
17339	17	43067607	43067696	BRCA1
17339	17	43070927	43071239	BRCA1
17339	17	43082403	43082576	BRCA1
17339	17	61780260	61780402	BRIP1
17339	18	51030201	51030635	SMAD4
17339	18	51058339	51058457	SMAD4
17339	19	1219323	1219414	STK11
17339	19	1220580	1220718	STK11
17339	19	1226453	1226648	STK11
17339	19	1227581	1228447	STK11
17356	1	17053947	17054020	SDHB
17356	1	45331419	45331557	MUTYH
17356	1	45332022	45332087	MUTYH
17356	1	45332165	45332311	MUTYH
17356	1	45332390	45332489	MUTYH
17356	1	45332573	45332688	MUTYH
17356	1	45332762	45332835	MUTYH
17356	1	45332917	45332960	MUTYH
17356	1	45333096	45333171	MUTYH
17356	1	45333284	45333325	MUTYH
17356	1	241519590	241519723	FH
17356	2	47369505	47369582	EPCAM
17356	2	47386571	47386614	EPCAM
17356	2	47429741	47429942	MSH2
17356	2	47445547	47445658	MSH2
17356	2	47470964	47471063	MSH2
17356	2	47783233	47783494	MSH6
17356	3	10141847	10142188	VHL
17356	3	52404452	52404587	BAP1
17356	3	52405109	52405295	BAP1
17356	3	52409713	52409744	BAP1
17356	3	52409841	52409879	BAP1
17356	5	177133913	177133964	NSD1
17356	7	5977587	5977758	PMS2
17356	7	5978595	5978697	PMS2
17356	10	86756627	86756931	BMPR1A
17356	10	87864469	87864549	PTEN
17356	11	32399947	32400045	WT1
17356	11	32427955	32428059	WT1
17356	11	32434699	32435346	WT1
17356	11	64804333	64804817	MEN1
17356	11	64805033	64805199	MEN1
17356	11	64807178	64807220	MEN1
17356	11	64807551	64807681	MEN1
17356	11	64807890	64808100	MEN1
17356	11	108227775	108227889	ATM
17356	11	112086907	112086960	SDHD
17356	12	120978768	120979095	HNF1A
17356	12	120988832	120989033	HNF1A
17356	12	120993519	120993707	HNF1A
17356	12	120996261	120996414	HNF1A
17356	12	120997473	120997666	HNF1A
17356	12	120999267	120999390	HNF1A
17356	12	120999482	120999628	HNF1A
17356	12	121001064	121001193	HNF1A
17356	13	32315462	32315679	BRCA2
17356	13	32316460	32316528	BRCA2
17356	13	48303912	48304050	RB1
17356	13	48347824	48347864	RB1
17356	13	48348955	48349024	RB1
17356	13	48380052	48380085	RB1
17356	13	48380164	48380242	RB1
17356	13	48477354	48477405	RB1
17356	16	68737415	68737464	CDH1
17356	16	68738296	68738412	CDH1
17356	17	7670608	7670716	TP53
17356	17	7675052	7675237	TP53
17356	17	7676520	7676595	TP53
17356	17	7687365	7687550	TP53
17356	17	17215184	17215317	FLCN
17356	17	17216379	17216504	FLCN
17356	17	17236900	17237151	FLCN
17356	17	31095309	31095370	NF1
17356	17	35101200	35101366	RAD51D
17356	17	35119531	35119614	RAD51D
17356	17	43045677	43045803	BRCA1
17356	17	43057051	43057136	BRCA1
17356	17	43067607	43067696	BRCA1
17356	17	43070927	43071239	BRCA1
17356	17	43082403	43082576	BRCA1
17356	18	51030201	51030635	SMAD4
17356	18	51058339	51058457	SMAD4
17356	19	1219323	1219414	STK11
17356	19	1220580	1220718	STK11
17356	19	1226453	1226648	STK11
17356	19	1227581	1228447	STK11
17360	1	17053947	17054020	SDHB
17360	1	45331419	45331557	MUTYH
17360	1	45331660	45331850	MUTYH
17360	1	45332022	45332087	MUTYH
17360	1	45332165	45332311	MUTYH
17360	1	45332390	45332489	MUTYH
17360	1	45332573	45332688	MUTYH
17360	1	45332762	45332835	MUTYH
17360	1	45332917	45332960	MUTYH
17360	1	45333096	45333171	MUTYH
17360	1	45333284	45333325	MUTYH
17360	1	241519590	241519723	FH
17360	2	47369505	47369582	EPCAM
17360	2	47386571	47386614	EPCAM
17360	2	47414268	47414419	MSH2
17360	2	47429741	47429942	MSH2
17360	2	47445547	47445658	MSH2
17360	2	47470964	47471063	MSH2
17360	2	47783233	47783494	MSH6
17360	3	10141847	10142188	VHL
17360	3	37000954	37001054	MLH1
17360	3	52403137	52403299	BAP1
17360	3	52403415	52403895	BAP1
17360	3	52404452	52404587	BAP1
17360	3	52405109	52405295	BAP1
17360	3	52409713	52409744	BAP1
17360	3	52409841	52409879	BAP1
17360	5	112775628	112775738	APC
17360	5	177133913	177133964	NSD1
17360	7	5977587	5977758	PMS2
17360	7	5978595	5978697	PMS2
17360	10	86756627	86756931	BMPR1A
17360	10	86876018	86876086	BMPR1A
17360	10	86923375	86923507	BMPR1A
17360	10	87864469	87864549	PTEN
17360	10	87925512	87925558	PTEN
17360	11	32399947	32400045	WT1
17360	11	32427955	32428059	WT1
17360	11	32434699	32435346	WT1
17360	11	64804333	64804817	MEN1
17360	11	64805033	64805199	MEN1
17360	11	64807010	64807099	MEN1
17360	11	64807178	64807220	MEN1
17360	11	64807551	64807681	MEN1
17360	11	64807890	64808100	MEN1
17360	11	64810618	64810728	MEN1
17360	11	108227775	108227889	ATM
17360	11	112086907	112086960	SDHD
17360	12	120978768	120979095	HNF1A
17360	12	120988832	120989033	HNF1A
17360	12	120993519	120993707	HNF1A
17360	12	120996261	120996414	HNF1A
17360	12	120997473	120997666	HNF1A
17360	12	120999267	120999390	HNF1A
17360	12	120999482	120999628	HNF1A
17360	12	121001064	121001193	HNF1A
17360	13	32315462	32315679	BRCA2
17360	13	32316460	32316528	BRCA2
17360	13	48303912	48304050	RB1
17360	13	48347824	48347864	RB1
17360	13	48348955	48349024	RB1
17360	13	48380052	48380085	RB1
17360	13	48380164	48380242	RB1
17360	13	48477354	48477405	RB1
17360	16	68737415	68737464	CDH1
17360	16	68738296	68738412	CDH1
17360	17	7670608	7670716	TP53
17360	17	7673700	7673838	TP53
17360	17	7675052	7675237	TP53
17360	17	7676520	7676595	TP53
17360	17	7687365	7687550	TP53
17360	17	17215184	17215317	FLCN
17360	17	17216379	17216504	FLCN
17360	17	17222500	17222662	FLCN
17360	17	17236900	17237151	FLCN
17360	17	31095309	31095370	NF1
17360	17	35101200	35101366	RAD51D
17360	17	35119531	35119614	RAD51D
17360	17	43045677	43045803	BRCA1
17360	17	43057051	43057136	BRCA1
17360	17	43067607	43067696	BRCA1
17360	17	43070927	43071239	BRCA1
17360	17	43082403	43082576	BRCA1
17360	18	51030201	51030635	SMAD4
17360	18	51058339	51058457	SMAD4
17360	19	1219323	1219414	STK11
17360	19	1220580	1220718	STK11
17360	19	1221948	1222007	STK11
17360	19	1226453	1226648	STK11
17360	19	1227581	1228447	STK11
17361	1	17053947	17054020	SDHB
17361	1	45331419	45331557	MUTYH
17361	1	45331660	45331850	MUTYH
17361	1	45332022	45332087	MUTYH
17361	1	45332165	45332311	MUTYH
17361	1	45332390	45332489	MUTYH
17361	1	45332573	45332688	MUTYH
17361	1	45332762	45332835	MUTYH
17361	1	45332917	45332960	MUTYH
17361	1	45333096	45333171	MUTYH
17361	1	45333284	45333325	MUTYH
17361	1	241519590	241519723	FH
17361	2	47369505	47369582	EPCAM
17361	2	47386571	47386614	EPCAM
17361	2	47414268	47414419	MSH2
17361	2	47429741	47429942	MSH2
17361	2	47445547	47445658	MSH2
17361	2	47470964	47471063	MSH2
17361	2	47783233	47783494	MSH6
17361	3	10141847	10142188	VHL
17361	3	52404452	52404587	BAP1
17361	3	52405109	52405295	BAP1
17361	3	52409713	52409744	BAP1
17361	3	52409841	52409879	BAP1
17361	5	112775628	112775738	APC
17361	5	177133913	177133964	NSD1
17361	7	5977587	5977758	PMS2
17361	7	5978595	5978697	PMS2
17361	10	86756627	86756931	BMPR1A
17361	10	86923375	86923507	BMPR1A
17361	10	87864469	87864549	PTEN
17361	11	32399947	32400045	WT1
17361	11	32427955	32428059	WT1
17361	11	32434699	32435346	WT1
17361	11	64804333	64804817	MEN1
17361	11	64805033	64805199	MEN1
17361	11	64807178	64807220	MEN1
17361	11	64807551	64807681	MEN1
17361	11	64807890	64808100	MEN1
17361	11	64810618	64810728	MEN1
17361	11	108227775	108227889	ATM
17361	11	112086907	112086960	SDHD
17361	12	120978768	120979095	HNF1A
17361	12	120988832	120989033	HNF1A
17361	12	120993519	120993707	HNF1A
17361	12	120996261	120996414	HNF1A
17361	12	120997473	120997666	HNF1A
17361	12	120999267	120999390	HNF1A
17361	12	120999482	120999628	HNF1A
17361	12	121001064	121001193	HNF1A
17361	13	32315462	32315679	BRCA2
17361	13	32316460	32316528	BRCA2
17361	13	48303912	48304050	RB1
17361	13	48348955	48349024	RB1
17361	13	48380052	48380085	RB1
17361	13	48380164	48380242	RB1
17361	13	48477354	48477405	RB1
17361	16	68737415	68737464	CDH1
17361	16	68738296	68738412	CDH1
17361	17	7670608	7670716	TP53
17361	17	7673700	7673838	TP53
17361	17	7675052	7675237	TP53
17361	17	7676520	7676595	TP53
17361	17	7687365	7687550	TP53
17361	17	17215184	17215317	FLCN
17361	17	17216379	17216504	FLCN
17361	17	17236900	17237151	FLCN
17361	17	31095309	31095370	NF1
17361	17	35101200	35101366	RAD51D
17361	17	35119531	35119614	RAD51D
17361	17	43045677	43045803	BRCA1
17361	17	43049120	43049195	BRCA1
17361	17	43057051	43057136	BRCA1
17361	17	43067607	43067696	BRCA1
17361	17	43070927	43071239	BRCA1
17361	17	43082403	43082576	BRCA1
17361	18	51030201	51030635	SMAD4
17361	18	51058339	51058457	SMAD4
17361	19	1219323	1219414	STK11
17361	19	1220580	1220718	STK11
17361	19	1221948	1222007	STK11
17361	19	1226453	1226648	STK11
17361	19	1227581	1228447	STK11
17362	1	17053947	17054020	SDHB
17362	1	45331419	45331557	MUTYH
17362	1	45331660	45331850	MUTYH
17362	1	45332022	45332087	MUTYH
17362	1	45332165	45332311	MUTYH
17362	1	45332390	45332489	MUTYH
17362	1	45332573	45332688	MUTYH
17362	1	45332762	45332835	MUTYH
17362	1	45332917	45332960	MUTYH
17362	1	45333096	45333171	MUTYH
17362	1	45333284	45333325	MUTYH
17362	1	241519590	241519723	FH
17362	2	47369505	47369582	EPCAM
17362	2	47386571	47386614	EPCAM
17362	2	47414268	47414419	MSH2
17362	2	47429741	47429942	MSH2
17362	2	47445547	47445658	MSH2
17362	2	47470964	47471063	MSH2
17362	2	47783233	47783494	MSH6
17362	3	10141847	10142188	VHL
17362	3	52403137	52403299	BAP1
17362	3	52403415	52403895	BAP1
17362	3	52404452	52404587	BAP1
17362	3	52405109	52405295	BAP1
17362	3	52409713	52409744	BAP1
17362	3	52409841	52409879	BAP1
17362	5	112775628	112775738	APC
17362	5	177133913	177133964	NSD1
17362	7	5977587	5977758	PMS2
17362	7	5978595	5978697	PMS2
17362	10	86756627	86756931	BMPR1A
17362	10	86923375	86923507	BMPR1A
17362	10	87864469	87864549	PTEN
17362	10	87925512	87925558	PTEN
17362	11	32399947	32400045	WT1
17362	11	32427955	32428059	WT1
17362	11	32434699	32435346	WT1
17362	11	64804333	64804817	MEN1
17362	11	64805033	64805199	MEN1
17362	11	64807010	64807099	MEN1
17362	11	64807178	64807220	MEN1
17362	11	64807551	64807681	MEN1
17362	11	64807890	64808100	MEN1
17362	11	64810618	64810728	MEN1
17362	11	108227775	108227889	ATM
17362	11	112086907	112086960	SDHD
17362	12	120978768	120979095	HNF1A
17362	12	120988832	120989033	HNF1A
17362	12	120993519	120993707	HNF1A
17362	12	120996261	120996414	HNF1A
17362	12	120997473	120997666	HNF1A
17362	12	120999267	120999390	HNF1A
17362	12	120999482	120999628	HNF1A
17362	12	121001064	121001193	HNF1A
17362	13	32315462	32315679	BRCA2
17362	13	32316460	32316528	BRCA2
17362	13	48303912	48304050	RB1
17362	13	48347824	48347864	RB1
17362	13	48348955	48349024	RB1
17362	13	48380052	48380085	RB1
17362	13	48380164	48380242	RB1
17362	13	48477354	48477405	RB1
17362	16	68737415	68737464	CDH1
17362	17	7670608	7670716	TP53
17362	17	7673700	7673838	TP53
17362	17	7675052	7675237	TP53
17362	17	7676520	7676595	TP53
17362	17	7687365	7687550	TP53
17362	17	17215184	17215317	FLCN
17362	17	17216379	17216504	FLCN
17362	17	17236900	17237151	FLCN
17362	17	31095309	31095370	NF1
17362	17	35101200	35101366	RAD51D
17362	17	35119531	35119614	RAD51D
17362	17	43045677	43045803	BRCA1
17362	17	43057051	43057136	BRCA1
17362	17	43067607	43067696	BRCA1
17362	17	43070927	43071239	BRCA1
17362	17	43082403	43082576	BRCA1
17362	17	61780260	61780402	BRIP1
17362	18	51030201	51030635	SMAD4
17362	18	51058339	51058457	SMAD4
17362	19	1206913	1207204	STK11
17362	19	1219323	1219414	STK11
17362	19	1220580	1220718	STK11
17362	19	1226453	1226648	STK11
17362	19	1227581	1228447	STK11
17364	1	17053947	17054020	SDHB
17364	1	45331419	45331557	MUTYH
17364	1	45331660	45331850	MUTYH
17364	1	45332022	45332087	MUTYH
17364	1	45332165	45332311	MUTYH
17364	1	45332390	45332489	MUTYH
17364	1	45332573	45332688	MUTYH
17364	1	45332762	45332835	MUTYH
17364	1	45332917	45332960	MUTYH
17364	1	45333096	45333171	MUTYH
17364	1	45333284	45333325	MUTYH
17364	1	241519590	241519723	FH
17364	2	47369505	47369582	EPCAM
17364	2	47386571	47386614	EPCAM
17364	2	47414268	47414419	MSH2
17364	2	47429741	47429942	MSH2
17364	2	47445547	47445658	MSH2
17364	2	47470964	47471063	MSH2
17364	2	47783233	47783494	MSH6
17364	3	10141847	10142188	VHL
17364	3	52405109	52405295	BAP1
17364	3	52407398	52407461	BAP1
17364	3	52409713	52409744	BAP1
17364	3	52409841	52409879	BAP1
17364	5	112775628	112775738	APC
17364	5	177133913	177133964	NSD1
17364	7	5977587	5977758	PMS2
17364	7	5978595	5978697	PMS2
17364	10	86756627	86756931	BMPR1A
17364	10	87864469	87864549	PTEN
17364	11	32399947	32400045	WT1
17364	11	32427955	32428059	WT1
17364	11	32434699	32435346	WT1
17364	11	64804333	64804817	MEN1
17364	11	64805033	64805199	MEN1
17364	11	64807010	64807099	MEN1
17364	11	64807178	64807220	MEN1
17364	11	64807551	64807681	MEN1
17364	11	64807890	64808100	MEN1
17364	11	64810618	64810728	MEN1
17364	11	108227775	108227889	ATM
17364	11	112086907	112086960	SDHD
17364	12	120988832	120989033	HNF1A
17364	12	120993519	120993707	HNF1A
17364	12	120996261	120996414	HNF1A
17364	12	120997473	120997666	HNF1A
17364	12	120999267	120999390	HNF1A
17364	12	120999482	120999628	HNF1A
17364	12	121001064	121001193	HNF1A
17364	13	32315462	32315679	BRCA2
17364	13	32316460	32316528	BRCA2
17364	13	48303912	48304050	RB1
17364	13	48347824	48347864	RB1
17364	13	48348955	48349024	RB1
17364	13	48380052	48380085	RB1
17364	13	48380164	48380242	RB1
17364	13	48477354	48477405	RB1
17364	16	68737415	68737464	CDH1
17364	16	68738296	68738412	CDH1
17364	17	7670608	7670716	TP53
17364	17	7673700	7673838	TP53
17364	17	7675052	7675237	TP53
17364	17	7676520	7676595	TP53
17364	17	7687365	7687550	TP53
17364	17	17215184	17215317	FLCN
17364	17	17216379	17216504	FLCN
17364	17	17236900	17237151	FLCN
17364	17	31095309	31095370	NF1
17364	17	35101200	35101366	RAD51D
17364	17	35119531	35119614	RAD51D
17364	17	43045677	43045803	BRCA1
17364	17	43049120	43049195	BRCA1
17364	17	43057051	43057136	BRCA1
17364	17	43067607	43067696	BRCA1
17364	17	43070927	43071239	BRCA1
17364	17	43082403	43082576	BRCA1
17364	18	51030201	51030635	SMAD4
17364	18	51058339	51058457	SMAD4
17364	19	1219323	1219414	STK11
17364	19	1220580	1220718	STK11
17364	19	1221948	1222007	STK11
17364	19	1226453	1226648	STK11
17364	19	1227581	1228447	STK11
17365	1	17053947	17054020	SDHB
17365	1	45331419	45331557	MUTYH
17365	1	45332022	45332087	MUTYH
17365	1	45332165	45332311	MUTYH
17365	1	45332390	45332489	MUTYH
17365	1	45332573	45332688	MUTYH
17365	1	45332762	45332835	MUTYH
17365	1	45332917	45332960	MUTYH
17365	1	45333096	45333171	MUTYH
17365	1	241519590	241519723	FH
17365	2	47369505	47369582	EPCAM
17365	2	47386571	47386614	EPCAM
17365	2	47414268	47414419	MSH2
17365	2	47429741	47429942	MSH2
17365	2	47445547	47445658	MSH2
17365	2	47470964	47471063	MSH2
17365	2	47783233	47783494	MSH6
17365	3	10141847	10142188	VHL
17365	3	52403137	52403299	BAP1
17365	3	52404452	52404587	BAP1
17365	3	52405109	52405295	BAP1
17365	3	52406828	52406908	BAP1
17365	3	52409713	52409744	BAP1
17365	3	52409841	52409879	BAP1
17365	5	177133913	177133964	NSD1
17365	7	5977587	5977758	PMS2
17365	7	5978595	5978697	PMS2
17365	10	86756627	86756931	BMPR1A
17365	10	87864469	87864549	PTEN
17365	11	32399947	32400045	WT1
17365	11	32427955	32428059	WT1
17365	11	32434699	32435346	WT1
17365	11	64804333	64804817	MEN1
17365	11	64805033	64805199	MEN1
17365	11	64807178	64807220	MEN1
17365	11	64807551	64807681	MEN1
17365	11	64807890	64808100	MEN1
17365	11	64810618	64810728	MEN1
17365	11	108312410	108312499	ATM
17365	11	112086907	112086960	SDHD
17365	12	120993519	120993707	HNF1A
17365	12	120999267	120999390	HNF1A
17365	12	120999482	120999628	HNF1A
17365	12	121001064	121001193	HNF1A
17365	13	32315462	32315679	BRCA2
17365	13	32316460	32316528	BRCA2
17365	13	48303912	48304050	RB1
17365	13	48347824	48347864	RB1
17365	13	48348955	48349024	RB1
17365	13	48380052	48380085	RB1
17365	13	48380164	48380242	RB1
17365	13	48477354	48477405	RB1
17365	16	68737415	68737464	CDH1
17365	16	68738296	68738412	CDH1
17365	17	7670608	7670716	TP53
17365	17	7675052	7675237	TP53
17365	17	7676520	7676595	TP53
17365	17	17215184	17215317	FLCN
17365	17	17216379	17216504	FLCN
17365	17	17236900	17237151	FLCN
17365	17	31095309	31095370	NF1
17365	17	35101200	35101366	RAD51D
17365	17	35119531	35119614	RAD51D
17365	17	43045677	43045803	BRCA1
17365	17	43067607	43067696	BRCA1
17365	17	43082403	43082576	BRCA1
17365	17	61780260	61780402	BRIP1
17365	18	51030201	51030635	SMAD4
17365	18	51058339	51058457	SMAD4
17365	19	1206913	1207204	STK11
17365	19	1219323	1219414	STK11
17365	19	1220580	1220718	STK11
17365	19	1226453	1226648	STK11
17365	19	1227581	1228447	STK11
17367	1	17053947	17054020	SDHB
17367	1	45331419	45331557	MUTYH
17367	1	45332022	45332087	MUTYH
17367	1	45332390	45332489	MUTYH
17367	1	45332573	45332688	MUTYH
17367	1	45332762	45332835	MUTYH
17367	1	45332917	45332960	MUTYH
17367	1	241519590	241519723	FH
17367	2	47369505	47369582	EPCAM
17367	2	47373807	47374049	EPCAM
17367	2	47429741	47429942	MSH2
17367	2	47445547	47445658	MSH2
17367	2	47470964	47471063	MSH2
17367	2	47783233	47783494	MSH6
17367	3	10141847	10142188	VHL
17367	3	52403137	52403299	BAP1
17367	3	52404452	52404587	BAP1
17367	3	52405109	52405295	BAP1
17367	3	52406828	52406908	BAP1
17367	3	52409713	52409744	BAP1
17367	5	177133913	177133964	NSD1
17367	7	5977587	5977758	PMS2
17367	7	5978595	5978697	PMS2
17367	10	86756627	86756931	BMPR1A
17367	10	87864469	87864549	PTEN
17367	11	32399947	32400045	WT1
17367	11	32427955	32428059	WT1
17367	11	32434699	32435346	WT1
17367	11	64804333	64804817	MEN1
17367	11	64805033	64805199	MEN1
17367	11	64807178	64807220	MEN1
17367	11	64807551	64807681	MEN1
17367	11	108312410	108312499	ATM
17367	11	112086907	112086960	SDHD
17367	12	120993519	120993707	HNF1A
17367	12	120999267	120999390	HNF1A
17367	12	120999482	120999628	HNF1A
17367	12	121001064	121001193	HNF1A
17367	13	32315462	32315679	BRCA2
17367	13	32316460	32316528	BRCA2
17367	13	48303912	48304050	RB1
17367	13	48347824	48347864	RB1
17367	13	48348955	48349024	RB1
17367	13	48380052	48380085	RB1
17367	13	48477354	48477405	RB1
17367	16	68737415	68737464	CDH1
17367	16	68738296	68738412	CDH1
17367	17	7670608	7670716	TP53
17367	17	7675052	7675237	TP53
17367	17	7676520	7676595	TP53
17367	17	7687365	7687550	TP53
17367	17	17215184	17215317	FLCN
17367	17	17216379	17216504	FLCN
17367	17	17221536	17221629	FLCN
17367	17	17236900	17237151	FLCN
17367	17	31095309	31095370	NF1
17367	17	35101200	35101366	RAD51D
17367	17	35103253	35103325	RAD51D
17367	17	35119531	35119614	RAD51D
17367	17	43045677	43045803	BRCA1
17367	17	43049120	43049195	BRCA1
17367	17	43082403	43082576	BRCA1
17367	17	43090943	43091033	BRCA1
17367	17	61780260	61780402	BRIP1
17367	18	51030201	51030635	SMAD4
17367	19	1206913	1207204	STK11
17367	19	1219323	1219414	STK11
17367	19	1220580	1220718	STK11
17367	19	1226453	1226648	STK11
17367	19	1227581	1228447	STK11
17368	1	45331419	45331557	MUTYH
17368	1	45332022	45332087	MUTYH
17368	1	45332390	45332489	MUTYH
17368	1	45332573	45332688	MUTYH
17368	1	45332762	45332835	MUTYH
17368	1	45332917	45332960	MUTYH
17368	1	241519590	241519723	FH
17368	2	47369505	47369582	EPCAM
17368	2	47373807	47374049	EPCAM
17368	2	47429741	47429942	MSH2
17368	2	47445547	47445658	MSH2
17368	2	47470964	47471063	MSH2
17368	2	47783233	47783494	MSH6
17368	3	10141847	10142188	VHL
17368	3	37000954	37001054	MLH1
17368	3	52403137	52403299	BAP1
17368	3	52404452	52404587	BAP1
17368	3	52405109	52405295	BAP1
17368	3	52406828	52406908	BAP1
17368	3	52409713	52409744	BAP1
17368	5	112821895	112821992	APC
17368	5	177133913	177133964	NSD1
17368	7	5977587	5977758	PMS2
17368	7	5978595	5978697	PMS2
17368	7	148817876	148818118	EZH2
17368	10	86756627	86756931	BMPR1A
17368	10	87864469	87864549	PTEN
17368	11	32399947	32400045	WT1
17368	11	32427955	32428059	WT1
17368	11	32434699	32435346	WT1
17368	11	64804333	64804817	MEN1
17368	11	64805033	64805199	MEN1
17368	11	64807178	64807220	MEN1
17368	11	64807551	64807681	MEN1
17368	11	108312410	108312499	ATM
17368	11	112086907	112086960	SDHD
17368	12	120993519	120993707	HNF1A
17368	12	120999267	120999390	HNF1A
17368	12	120999482	120999628	HNF1A
17368	12	121001064	121001193	HNF1A
17368	13	32315462	32315679	BRCA2
17368	13	32316460	32316528	BRCA2
17368	13	48303912	48304050	RB1
17368	13	48347824	48347864	RB1
17368	13	48380052	48380085	RB1
17368	13	48380164	48380242	RB1
17368	13	48477354	48477405	RB1
17368	16	68737415	68737464	CDH1
17368	16	68738296	68738412	CDH1
17368	17	7670608	7670716	TP53
17368	17	7675052	7675237	TP53
17368	17	7676520	7676595	TP53
17368	17	7687365	7687550	TP53
17368	17	17215184	17215317	FLCN
17368	17	17216379	17216504	FLCN
17368	17	17221536	17221629	FLCN
17368	17	31095309	31095370	NF1
17368	17	31374012	31374156	NF1
17368	17	35101200	35101366	RAD51D
17368	17	35103253	35103325	RAD51D
17368	17	43045677	43045803	BRCA1
17368	17	43049120	43049195	BRCA1
17368	17	43082403	43082576	BRCA1
17368	17	43090943	43091033	BRCA1
17368	17	61780260	61780402	BRIP1
17368	18	51030201	51030635	SMAD4
17368	19	1206913	1207204	STK11
17368	19	1219323	1219414	STK11
17368	19	1220580	1220718	STK11
17368	19	1226453	1226648	STK11
17368	19	1227581	1228447	STK11
17369	1	17053947	17054020	SDHB
17369	1	45331419	45331557	MUTYH
17369	1	45331660	45331850	MUTYH
17369	1	45332022	45332087	MUTYH
17369	1	45332165	45332311	MUTYH
17369	1	45332390	45332489	MUTYH
17369	1	45332573	45332688	MUTYH
17369	1	45332762	45332835	MUTYH
17369	1	45332917	45332960	MUTYH
17369	1	45333096	45333171	MUTYH
17369	1	45333284	45333325	MUTYH
17369	1	241519590	241519723	FH
17369	2	47369505	47369582	EPCAM
17369	2	47386571	47386614	EPCAM
17369	2	47414268	47414419	MSH2
17369	2	47429741	47429942	MSH2
17369	2	47470964	47471063	MSH2
17369	2	47783233	47783494	MSH6
17369	3	10141847	10142188	VHL
17369	3	52404452	52404587	BAP1
17369	3	52405109	52405295	BAP1
17369	3	52406828	52406908	BAP1
17369	3	52407173	52407317	BAP1
17369	3	52407398	52407461	BAP1
17369	3	52409713	52409744	BAP1
17369	3	52409841	52409879	BAP1
17369	5	112775628	112775738	APC
17369	5	177133913	177133964	NSD1
17369	7	5977587	5977758	PMS2
17369	7	5978595	5978697	PMS2
17369	10	86756627	86756931	BMPR1A
17369	10	86923375	86923507	BMPR1A
17369	10	87864469	87864549	PTEN
17369	11	32399947	32400045	WT1
17369	11	32427955	32428059	WT1
17369	11	32434699	32435346	WT1
17369	11	64804333	64804817	MEN1
17369	11	64805033	64805199	MEN1
17369	11	64807010	64807099	MEN1
17369	11	64807178	64807220	MEN1
17369	11	64807551	64807681	MEN1
17369	11	64807890	64808100	MEN1
17369	11	64810618	64810728	MEN1
17369	11	108227775	108227889	ATM
17369	11	112086907	112086960	SDHD
17369	12	120988832	120989033	HNF1A
17369	12	120993519	120993707	HNF1A
17369	12	120996261	120996414	HNF1A
17369	12	120997473	120997666	HNF1A
17369	12	120999267	120999390	HNF1A
17369	12	120999482	120999628	HNF1A
17369	12	121001064	121001193	HNF1A
17369	13	32315462	32315679	BRCA2
17369	13	32316460	32316528	BRCA2
17369	13	48303912	48304050	RB1
17369	13	48348955	48349024	RB1
17369	13	48380052	48380085	RB1
17369	13	48380164	48380242	RB1
17369	13	48477354	48477405	RB1
17369	16	68737415	68737464	CDH1
17369	16	68738296	68738412	CDH1
17369	17	7670608	7670716	TP53
17369	17	7673700	7673838	TP53
17369	17	7675052	7675237	TP53
17369	17	7676520	7676595	TP53
17369	17	7687365	7687550	TP53
17369	17	17215184	17215317	FLCN
17369	17	17216379	17216504	FLCN
17369	17	17236900	17237151	FLCN
17369	17	31095309	31095370	NF1
17369	17	35101200	35101366	RAD51D
17369	17	35119531	35119614	RAD51D
17369	17	43045677	43045803	BRCA1
17369	17	43049120	43049195	BRCA1
17369	17	43057051	43057136	BRCA1
17369	17	43067607	43067696	BRCA1
17369	17	43082403	43082576	BRCA1
17369	18	51030201	51030635	SMAD4
17369	18	51058339	51058457	SMAD4
17369	19	1219323	1219414	STK11
17369	19	1220580	1220718	STK11
17369	19	1226453	1226648	STK11
17369	19	1227581	1228447	STK11
17370	1	17053947	17054020	SDHB
17370	1	45331419	45331557	MUTYH
17370	1	45331660	45331850	MUTYH
17370	1	45332022	45332087	MUTYH
17370	1	45332165	45332311	MUTYH
17370	1	45332390	45332489	MUTYH
17370	1	45332573	45332688	MUTYH
17370	1	45332762	45332835	MUTYH
17370	1	45332917	45332960	MUTYH
17370	1	45333096	45333171	MUTYH
17370	1	45333284	45333325	MUTYH
17370	1	241519590	241519723	FH
17370	2	47369505	47369582	EPCAM
17370	2	47386571	47386614	EPCAM
17370	2	47429741	47429942	MSH2
17370	2	47445547	47445658	MSH2
17370	2	47470964	47471063	MSH2
17370	2	47783233	47783494	MSH6
17370	3	10141847	10142188	VHL
17370	3	52403415	52403895	BAP1
17370	3	52404452	52404587	BAP1
17370	3	52405109	52405295	BAP1
17370	3	52406828	52406908	BAP1
17370	3	52409713	52409744	BAP1
17370	3	52409841	52409879	BAP1
17370	5	177133913	177133964	NSD1
17370	7	5977587	5977758	PMS2
17370	7	5978595	5978697	PMS2
17370	10	86756627	86756931	BMPR1A
17370	10	87864469	87864549	PTEN
17370	10	87925512	87925558	PTEN
17370	11	32399947	32400045	WT1
17370	11	32427955	32428059	WT1
17370	11	32434699	32435346	WT1
17370	11	64804333	64804817	MEN1
17370	11	64805033	64805199	MEN1
17370	11	64807010	64807099	MEN1
17370	11	64807178	64807220	MEN1
17370	11	64807551	64807681	MEN1
17370	11	64807890	64808100	MEN1
17370	11	108227775	108227889	ATM
17370	11	108312410	108312499	ATM
17370	11	112086907	112086960	SDHD
17370	12	120978768	120979095	HNF1A
17370	12	120988832	120989033	HNF1A
17370	12	120993519	120993707	HNF1A
17370	12	120999267	120999390	HNF1A
17370	12	120999482	120999628	HNF1A
17370	12	121001064	121001193	HNF1A
17370	13	32315462	32315679	BRCA2
17370	13	32316460	32316528	BRCA2
17370	13	48303912	48304050	RB1
17370	13	48347824	48347864	RB1
17370	13	48348955	48349024	RB1
17370	13	48380052	48380085	RB1
17370	13	48380164	48380242	RB1
17370	13	48477354	48477405	RB1
17370	16	68737415	68737464	CDH1
17370	16	68738296	68738412	CDH1
17370	17	7670608	7670716	TP53
17370	17	7673700	7673838	TP53
17370	17	7675052	7675237	TP53
17370	17	7676520	7676595	TP53
17370	17	7687365	7687550	TP53
17370	17	17215184	17215317	FLCN
17370	17	17216379	17216504	FLCN
17370	17	17222500	17222662	FLCN
17370	17	17236900	17237151	FLCN
17370	17	31095309	31095370	NF1
17370	17	35101200	35101366	RAD51D
17370	17	35119531	35119614	RAD51D
17370	17	43045677	43045803	BRCA1
17370	17	43057051	43057136	BRCA1
17370	17	43067607	43067696	BRCA1
17370	17	43070927	43071239	BRCA1
17370	17	43082403	43082576	BRCA1
17370	17	61780260	61780402	BRIP1
17370	18	51030201	51030635	SMAD4
17370	18	51058339	51058457	SMAD4
17370	19	1206913	1207204	STK11
17370	19	1219323	1219414	STK11
17370	19	1220580	1220718	STK11
17370	19	1226453	1226648	STK11
17370	19	1227581	1228447	STK11
17371	1	17053947	17054020	SDHB
17371	1	45331419	45331557	MUTYH
17371	1	45331660	45331850	MUTYH
17371	1	45332022	45332087	MUTYH
17371	1	45332165	45332311	MUTYH
17371	1	45332390	45332489	MUTYH
17371	1	45332573	45332688	MUTYH
17371	1	45332762	45332835	MUTYH
17371	1	45332917	45332960	MUTYH
17371	1	45333096	45333171	MUTYH
17371	1	45333284	45333325	MUTYH
17371	1	241519590	241519723	FH
17371	2	47369505	47369582	EPCAM
17371	2	47386571	47386614	EPCAM
17371	2	47414268	47414419	MSH2
17371	2	47429741	47429942	MSH2
17371	2	47445547	47445658	MSH2
17371	2	47470964	47471063	MSH2
17371	2	47783233	47783494	MSH6
17371	3	10141847	10142188	VHL
17371	3	52404452	52404587	BAP1
17371	3	52405109	52405295	BAP1
17371	3	52409713	52409744	BAP1
17371	3	52409841	52409879	BAP1
17371	5	112775628	112775738	APC
17371	5	177133913	177133964	NSD1
17371	7	5977587	5977758	PMS2
17371	7	5978595	5978697	PMS2
17371	10	86756627	86756931	BMPR1A
17371	10	86923375	86923507	BMPR1A
17371	10	87864469	87864549	PTEN
17371	11	32399947	32400045	WT1
17371	11	32427955	32428059	WT1
17371	11	32434699	32435346	WT1
17371	11	64804333	64804817	MEN1
17371	11	64805033	64805199	MEN1
17371	11	64807178	64807220	MEN1
17371	11	64807551	64807681	MEN1
17371	11	64807890	64808100	MEN1
17371	11	64810618	64810728	MEN1
17371	11	108227775	108227889	ATM
17371	11	112086907	112086960	SDHD
17371	12	120978768	120979095	HNF1A
17371	12	120988832	120989033	HNF1A
17371	12	120993519	120993707	HNF1A
17371	12	120996261	120996414	HNF1A
17371	12	120997473	120997666	HNF1A
17371	12	120999267	120999390	HNF1A
17371	12	120999482	120999628	HNF1A
17371	12	121001064	121001193	HNF1A
17371	13	32315462	32315679	BRCA2
17371	13	32316460	32316528	BRCA2
17371	13	48303912	48304050	RB1
17371	13	48347824	48347864	RB1
17371	13	48348955	48349024	RB1
17371	13	48380052	48380085	RB1
17371	13	48380164	48380242	RB1
17371	13	48477354	48477405	RB1
17371	16	68737415	68737464	CDH1
17371	16	68738296	68738412	CDH1
17371	17	7670608	7670716	TP53
17371	17	7673700	7673838	TP53
17371	17	7675052	7675237	TP53
17371	17	7676520	7676595	TP53
17371	17	7687365	7687550	TP53
17371	17	17215184	17215317	FLCN
17371	17	17216379	17216504	FLCN
17371	17	17236900	17237151	FLCN
17371	17	31095309	31095370	NF1
17371	17	35101200	35101366	RAD51D
17371	17	35119531	35119614	RAD51D
17371	17	43045677	43045803	BRCA1
17371	17	43049120	43049195	BRCA1
17371	17	43067607	43067696	BRCA1
17371	17	43070927	43071239	BRCA1
17371	17	43082403	43082576	BRCA1
17371	18	51030201	51030635	SMAD4
17371	18	51058339	51058457	SMAD4
17371	19	1219323	1219414	STK11
17371	19	1220580	1220718	STK11
17371	19	1221948	1222007	STK11
17371	19	1226453	1226648	STK11
17371	19	1227581	1228447	STK11
17373	1	17053947	17054020	SDHB
17373	1	45331419	45331557	MUTYH
17373	1	45332022	45332087	MUTYH
17373	1	45332165	45332311	MUTYH
17373	1	45332390	45332489	MUTYH
17373	1	45332573	45332688	MUTYH
17373	1	45332762	45332835	MUTYH
17373	1	45332917	45332960	MUTYH
17373	1	45333096	45333171	MUTYH
17373	1	241519590	241519723	FH
17373	2	47369505	47369582	EPCAM
17373	2	47386571	47386614	EPCAM
17373	2	47414268	47414419	MSH2
17373	2	47429741	47429942	MSH2
17373	2	47470964	47471063	MSH2
17373	2	47783233	47783494	MSH6
17373	3	10141847	10142188	VHL
17373	3	37000954	37001054	MLH1
17373	3	52403137	52403299	BAP1
17373	3	52404452	52404587	BAP1
17373	3	52405109	52405295	BAP1
17373	3	52406828	52406908	BAP1
17373	3	52409713	52409744	BAP1
17373	3	52409841	52409879	BAP1
17373	5	177133913	177133964	NSD1
17373	7	5977587	5977758	PMS2
17373	7	5978595	5978697	PMS2
17373	10	86756627	86756931	BMPR1A
17373	10	87864469	87864549	PTEN
17373	10	87925512	87925558	PTEN
17373	11	32399947	32400045	WT1
17373	11	32427955	32428059	WT1
17373	11	32434699	32435346	WT1
17373	11	64804333	64804817	MEN1
17373	11	64805033	64805199	MEN1
17373	11	64807178	64807220	MEN1
17373	11	64807551	64807681	MEN1
17373	11	112086907	112086960	SDHD
17373	12	120993519	120993707	HNF1A
17373	12	120999267	120999390	HNF1A
17373	12	120999482	120999628	HNF1A
17373	12	121001064	121001193	HNF1A
17373	13	32315462	32315679	BRCA2
17373	13	32316460	32316528	BRCA2
17373	13	48303912	48304050	RB1
17373	13	48347824	48347864	RB1
17373	13	48348955	48349024	RB1
17373	13	48380052	48380085	RB1
17373	13	48380164	48380242	RB1
17373	13	48477354	48477405	RB1
17373	16	68737415	68737464	CDH1
17373	16	68738296	68738412	CDH1
17373	17	7670608	7670716	TP53
17373	17	7675052	7675237	TP53
17373	17	7676520	7676595	TP53
17373	17	7687365	7687550	TP53
17373	17	17215184	17215317	FLCN
17373	17	17216379	17216504	FLCN
17373	17	17236900	17237151	FLCN
17373	17	31095309	31095370	NF1
17373	17	35101200	35101366	RAD51D
17373	17	35119531	35119614	RAD51D
17373	17	43045677	43045803	BRCA1
17373	17	43067607	43067696	BRCA1
17373	17	43082403	43082576	BRCA1
17373	17	61780260	61780402	BRIP1
17373	18	51030201	51030635	SMAD4
17373	18	51058339	51058457	SMAD4
17373	19	1206913	1207204	STK11
17373	19	1219323	1219414	STK11
17373	19	1220580	1220718	STK11
17373	19	1226453	1226648	STK11
17373	19	1227581	1228447	STK11
17374	1	17053947	17054020	SDHB
17374	1	45331419	45331557	MUTYH
17374	1	45332022	45332087	MUTYH
17374	1	45332390	45332489	MUTYH
17374	1	45332762	45332835	MUTYH
17374	1	45332917	45332960	MUTYH
17374	1	241519590	241519723	FH
17374	2	47369505	47369582	EPCAM
17374	2	47373807	47374049	EPCAM
17374	2	47445547	47445658	MSH2
17374	2	47470964	47471063	MSH2
17374	2	47783233	47783494	MSH6
17374	3	10141847	10142188	VHL
17374	3	52405109	52405295	BAP1
17374	3	52406828	52406908	BAP1
17374	3	52409713	52409744	BAP1
17374	5	177133913	177133964	NSD1
17374	7	5977587	5977758	PMS2
17374	7	5978595	5978697	PMS2
17374	7	148817876	148818118	EZH2
17374	10	86756627	86756931	BMPR1A
17374	11	32399947	32400045	WT1
17374	11	32427955	32428059	WT1
17374	11	32434699	32435346	WT1
17374	11	64804333	64804817	MEN1
17374	11	64807178	64807220	MEN1
17374	11	112086907	112086960	SDHD
17374	12	120993519	120993707	HNF1A
17374	12	120999482	120999628	HNF1A
17374	12	121001064	121001193	HNF1A
17374	13	48303912	48304050	RB1
17374	13	48347824	48347864	RB1
17374	13	48380052	48380085	RB1
17374	13	48477354	48477405	RB1
17374	16	68737415	68737464	CDH1
17374	17	7670608	7670716	TP53
17374	17	7673700	7673838	TP53
17374	17	7675052	7675237	TP53
17374	17	7676520	7676595	TP53
17374	17	17215184	17215317	FLCN
17374	17	17221536	17221629	FLCN
17374	17	31095309	31095370	NF1
17374	17	31374012	31374156	NF1
17374	17	35101200	35101366	RAD51D
17374	17	35103253	35103325	RAD51D
17374	17	43045677	43045803	BRCA1
17374	17	43049120	43049195	BRCA1
17374	17	43057051	43057136	BRCA1
17374	17	43082403	43082576	BRCA1
17374	17	43115725	43115780	BRCA1
17374	17	61780260	61780402	BRIP1
17374	19	1220580	1220718	STK11
17374	19	1227581	1228447	STK11
17376	1	17053947	17054020	SDHB
17376	1	45331419	45331557	MUTYH
17376	1	45332762	45332835	MUTYH
17376	1	241519590	241519723	FH
17376	2	47369505	47369582	EPCAM
17376	2	47373807	47374049	EPCAM
17376	2	47429741	47429942	MSH2
17376	2	47470964	47471063	MSH2
17376	2	47783233	47783494	MSH6
17376	3	10141847	10142188	VHL
17376	3	52405109	52405295	BAP1
17376	3	52409713	52409744	BAP1
17376	5	177133913	177133964	NSD1
17376	5	177291953	177292159	NSD1
17376	7	5977587	5977758	PMS2
17376	7	5978595	5978697	PMS2
17376	10	86756627	86756931	BMPR1A
17376	10	87864469	87864549	PTEN
17376	11	32399947	32400045	WT1
17376	11	32427955	32428059	WT1
17376	11	32434699	32435346	WT1
17376	11	64804333	64804817	MEN1
17376	11	64805033	64805199	MEN1
17376	11	64807178	64807220	MEN1
17376	11	64807551	64807681	MEN1
17376	11	108312410	108312499	ATM
17376	11	112086907	112086960	SDHD
17376	12	120993519	120993707	HNF1A
17376	12	120999267	120999390	HNF1A
17376	12	120999482	120999628	HNF1A
17376	12	121001064	121001193	HNF1A
17376	13	32315462	32315679	BRCA2
17376	13	32316460	32316528	BRCA2
17376	13	32396897	32397045	BRCA2
17376	13	48303912	48304050	RB1
17376	13	48347824	48347864	RB1
17376	13	48380052	48380085	RB1
17376	13	48477354	48477405	RB1
17376	16	68737415	68737464	CDH1
17376	17	7670608	7670716	TP53
17376	17	7675052	7675237	TP53
17376	17	7687365	7687550	TP53
17376	17	17215184	17215317	FLCN
17376	17	17216379	17216504	FLCN
17376	17	31095309	31095370	NF1
17376	17	31374012	31374156	NF1
17376	17	35101200	35101366	RAD51D
17376	17	35103253	35103325	RAD51D
17376	17	43045677	43045803	BRCA1
17376	17	43049120	43049195	BRCA1
17376	17	43082403	43082576	BRCA1
17376	17	61780260	61780402	BRIP1
17376	19	1206913	1207204	STK11
17376	19	1219323	1219414	STK11
17376	19	1220580	1220718	STK11
17376	19	1226453	1226648	STK11
17376	19	1227581	1228447	STK11
17382	1	17053947	17054020	SDHB
17382	1	45331419	45331557	MUTYH
17382	1	45331660	45331850	MUTYH
17382	1	45332022	45332087	MUTYH
17382	1	45332165	45332311	MUTYH
17382	1	45332390	45332489	MUTYH
17382	1	45332573	45332688	MUTYH
17382	1	45332762	45332835	MUTYH
17382	1	45332917	45332960	MUTYH
17382	1	45333096	45333171	MUTYH
17382	1	45333284	45333325	MUTYH
17382	1	241519590	241519723	FH
17382	2	47369505	47369582	EPCAM
17382	2	47386571	47386614	EPCAM
17382	2	47414268	47414419	MSH2
17382	2	47429741	47429942	MSH2
17382	2	47470964	47471063	MSH2
17382	2	47783233	47783494	MSH6
17382	3	10141847	10142188	VHL
17382	3	52404452	52404587	BAP1
17382	3	52405109	52405295	BAP1
17382	3	52406828	52406908	BAP1
17382	3	52409841	52409879	BAP1
17382	5	112775628	112775738	APC
17382	5	177133913	177133964	NSD1
17382	7	5977587	5977758	PMS2
17382	7	5978595	5978697	PMS2
17382	10	86756627	86756931	BMPR1A
17382	10	87864469	87864549	PTEN
17382	11	32399947	32400045	WT1
17382	11	32427955	32428059	WT1
17382	11	32434699	32435346	WT1
17382	11	64804333	64804817	MEN1
17382	11	64805033	64805199	MEN1
17382	11	64807010	64807099	MEN1
17382	11	64807178	64807220	MEN1
17382	11	64807551	64807681	MEN1
17382	11	64807890	64808100	MEN1
17382	11	108227775	108227889	ATM
17382	11	112086907	112086960	SDHD
17382	12	120988832	120989033	HNF1A
17382	12	120993519	120993707	HNF1A
17382	12	120996261	120996414	HNF1A
17382	12	120997473	120997666	HNF1A
17382	12	120999267	120999390	HNF1A
17382	12	120999482	120999628	HNF1A
17382	12	121001064	121001193	HNF1A
17382	13	32315462	32315679	BRCA2
17382	13	32316460	32316528	BRCA2
17382	13	48303912	48304050	RB1
17382	13	48347824	48347864	RB1
17382	13	48348955	48349024	RB1
17382	13	48380052	48380085	RB1
17382	13	48380164	48380242	RB1
17382	13	48477354	48477405	RB1
17382	16	68737415	68737464	CDH1
17382	17	7670608	7670716	TP53
17382	17	7675052	7675237	TP53
17382	17	7676520	7676595	TP53
17382	17	7687365	7687550	TP53
17382	17	17215184	17215317	FLCN
17382	17	17216379	17216504	FLCN
17382	17	17236900	17237151	FLCN
17382	17	31095309	31095370	NF1
17382	17	31181709	31181786	NF1
17382	17	35101200	35101366	RAD51D
17382	17	35119531	35119614	RAD51D
17382	17	43045677	43045803	BRCA1
17382	17	43057051	43057136	BRCA1
17382	17	43067607	43067696	BRCA1
17382	17	43082403	43082576	BRCA1
17382	18	51030201	51030635	SMAD4
17382	18	51058339	51058457	SMAD4
17382	19	1219323	1219414	STK11
17382	19	1220580	1220718	STK11
17382	19	1226453	1226648	STK11
17382	19	1227581	1228447	STK11
17384	1	45331419	45331557	MUTYH
17384	1	45331660	45331850	MUTYH
17384	1	45332022	45332087	MUTYH
17384	1	45332390	45332489	MUTYH
17384	1	45332573	45332688	MUTYH
17384	1	45332762	45332835	MUTYH
17384	1	45332917	45332960	MUTYH
17384	1	241519590	241519723	FH
17384	2	47369505	47369582	EPCAM
17384	2	47429741	47429942	MSH2
17384	2	47470964	47471063	MSH2
17384	2	47783233	47783494	MSH6
17384	3	10141847	10142188	VHL
17384	3	37000954	37001054	MLH1
17384	3	52403137	52403299	BAP1
17384	3	52404452	52404587	BAP1
17384	3	52405109	52405295	BAP1
17384	3	52406828	52406908	BAP1
17384	3	52409713	52409744	BAP1
17384	5	177133913	177133964	NSD1
17384	5	177291953	177292159	NSD1
17384	7	5977587	5977758	PMS2
17384	7	5978595	5978697	PMS2
17384	10	86756627	86756931	BMPR1A
17384	10	87864469	87864549	PTEN
17384	10	87925512	87925558	PTEN
17384	11	32399947	32400045	WT1
17384	11	32427955	32428059	WT1
17384	11	32434699	32435346	WT1
17384	11	64804333	64804817	MEN1
17384	11	64805033	64805199	MEN1
17384	11	64807178	64807220	MEN1
17384	11	64807551	64807681	MEN1
17384	11	112086907	112086960	SDHD
17384	12	120993519	120993707	HNF1A
17384	12	120999267	120999390	HNF1A
17384	12	120999482	120999628	HNF1A
17384	12	121001064	121001193	HNF1A
17384	13	32315462	32315679	BRCA2
17384	13	32316460	32316528	BRCA2
17384	13	48303912	48304050	RB1
17384	13	48347824	48347864	RB1
17384	13	48348955	48349024	RB1
17384	13	48380052	48380085	RB1
17384	13	48380164	48380242	RB1
17384	13	48477354	48477405	RB1
17384	16	68737415	68737464	CDH1
17384	16	68738296	68738412	CDH1
17384	17	7670608	7670716	TP53
17384	17	7675052	7675237	TP53
17384	17	7676520	7676595	TP53
17384	17	7687365	7687550	TP53
17384	17	17215184	17215317	FLCN
17384	17	17216379	17216504	FLCN
17384	17	31095309	31095370	NF1
17384	17	35101200	35101366	RAD51D
17384	17	35103253	35103325	RAD51D
17384	17	35119531	35119614	RAD51D
17384	17	43045677	43045803	BRCA1
17384	17	43082403	43082576	BRCA1
17384	17	61780260	61780402	BRIP1
17384	19	1219323	1219414	STK11
17384	19	1220580	1220718	STK11
17384	19	1226453	1226648	STK11
17384	19	1227581	1228447	STK11
17386	1	17053947	17054020	SDHB
17386	1	45331419	45331557	MUTYH
17386	1	45331660	45331850	MUTYH
17386	1	45332022	45332087	MUTYH
17386	1	45332165	45332311	MUTYH
17386	1	45332390	45332489	MUTYH
17386	1	45332573	45332688	MUTYH
17386	1	45332762	45332835	MUTYH
17386	1	45332917	45332960	MUTYH
17386	1	45333096	45333171	MUTYH
17386	1	45333284	45333325	MUTYH
17386	1	241519590	241519723	FH
17386	2	47369505	47369582	EPCAM
17386	2	47386571	47386614	EPCAM
17386	2	47414268	47414419	MSH2
17386	2	47470964	47471063	MSH2
17386	2	47783233	47783494	MSH6
17386	3	10141847	10142188	VHL
17386	3	52403415	52403895	BAP1
17386	3	52404452	52404587	BAP1
17386	3	52405109	52405295	BAP1
17386	3	52406828	52406908	BAP1
17386	3	52409713	52409744	BAP1
17386	3	52409841	52409879	BAP1
17386	5	177133913	177133964	NSD1
17386	7	5977587	5977758	PMS2
17386	7	5978595	5978697	PMS2
17386	10	86756627	86756931	BMPR1A
17386	10	87864469	87864549	PTEN
17386	10	87925512	87925558	PTEN
17386	11	32399947	32400045	WT1
17386	11	32427955	32428059	WT1
17386	11	32434699	32435346	WT1
17386	11	64804333	64804817	MEN1
17386	11	64805033	64805199	MEN1
17386	11	64807010	64807099	MEN1
17386	11	64807178	64807220	MEN1
17386	11	64807551	64807681	MEN1
17386	11	64807890	64808100	MEN1
17386	11	108227775	108227889	ATM
17386	11	112086907	112086960	SDHD
17386	12	120988832	120989033	HNF1A
17386	12	120993519	120993707	HNF1A
17386	12	120996261	120996414	HNF1A
17386	12	120997473	120997666	HNF1A
17386	12	120999267	120999390	HNF1A
17386	12	120999482	120999628	HNF1A
17386	12	121001064	121001193	HNF1A
17386	13	32315462	32315679	BRCA2
17386	13	32316460	32316528	BRCA2
17386	13	48303912	48304050	RB1
17386	13	48347824	48347864	RB1
17386	13	48348955	48349024	RB1
17386	13	48380052	48380085	RB1
17386	13	48380164	48380242	RB1
17386	13	48477354	48477405	RB1
17386	16	68737415	68737464	CDH1
17386	16	68738296	68738412	CDH1
17386	17	7670608	7670716	TP53
17386	17	7673700	7673838	TP53
17386	17	7675052	7675237	TP53
17386	17	7676520	7676595	TP53
17386	17	7687365	7687550	TP53
17386	17	17215184	17215317	FLCN
17386	17	17216379	17216504	FLCN
17386	17	31095309	31095370	NF1
17386	17	35101200	35101366	RAD51D
17386	17	35119531	35119614	RAD51D
17386	17	43045677	43045803	BRCA1
17386	17	43057051	43057136	BRCA1
17386	17	43067607	43067696	BRCA1
17386	17	43070927	43071239	BRCA1
17386	17	43082403	43082576	BRCA1
17386	17	61780260	61780402	BRIP1
17386	18	51030201	51030635	SMAD4
17386	18	51058339	51058457	SMAD4
17386	19	1206913	1207204	STK11
17386	19	1220580	1220718	STK11
17386	19	1226453	1226648	STK11
17386	19	1227581	1228447	STK11
17387	1	17053947	17054020	SDHB
17387	1	45331419	45331557	MUTYH
17387	1	45331660	45331850	MUTYH
17387	1	45332022	45332087	MUTYH
17387	1	45332165	45332311	MUTYH
17387	1	45332390	45332489	MUTYH
17387	1	45332573	45332688	MUTYH
17387	1	45332762	45332835	MUTYH
17387	1	45332917	45332960	MUTYH
17387	1	45333096	45333171	MUTYH
17387	1	45333284	45333325	MUTYH
17387	1	241519590	241519723	FH
17387	2	47369505	47369582	EPCAM
17387	2	47386571	47386614	EPCAM
17387	2	47414268	47414419	MSH2
17387	2	47429741	47429942	MSH2
17387	2	47470964	47471063	MSH2
17387	2	47783233	47783494	MSH6
17387	3	10141847	10142188	VHL
17387	3	52404452	52404587	BAP1
17387	3	52405109	52405295	BAP1
17387	3	52409713	52409744	BAP1
17387	3	52409841	52409879	BAP1
17387	5	112775628	112775738	APC
17387	5	177133913	177133964	NSD1
17387	7	5977587	5977758	PMS2
17387	7	5978595	5978697	PMS2
17387	10	86756627	86756931	BMPR1A
17387	10	86923375	86923507	BMPR1A
17387	10	87864469	87864549	PTEN
17387	11	32399947	32400045	WT1
17387	11	32427955	32428059	WT1
17387	11	32434699	32435346	WT1
17387	11	64804333	64804817	MEN1
17387	11	64805033	64805199	MEN1
17387	11	64807010	64807099	MEN1
17387	11	64807178	64807220	MEN1
17387	11	64807551	64807681	MEN1
17387	11	64807890	64808100	MEN1
17387	11	64810618	64810728	MEN1
17387	11	108227775	108227889	ATM
17387	11	112086907	112086960	SDHD
17387	12	120978768	120979095	HNF1A
17387	12	120988832	120989033	HNF1A
17387	12	120993519	120993707	HNF1A
17387	12	120996261	120996414	HNF1A
17387	12	120997473	120997666	HNF1A
17387	12	120999267	120999390	HNF1A
17387	12	120999482	120999628	HNF1A
17387	12	121001064	121001193	HNF1A
17387	13	32315462	32315679	BRCA2
17387	13	32316460	32316528	BRCA2
17387	13	48303912	48304050	RB1
17387	13	48347824	48347864	RB1
17387	13	48348955	48349024	RB1
17387	13	48380052	48380085	RB1
17387	13	48380164	48380242	RB1
17387	13	48477354	48477405	RB1
17387	16	68737415	68737464	CDH1
17387	16	68738296	68738412	CDH1
17387	17	7670608	7670716	TP53
17387	17	7673700	7673838	TP53
17387	17	7675052	7675237	TP53
17387	17	7676520	7676595	TP53
17387	17	7687365	7687550	TP53
17387	17	17215184	17215317	FLCN
17387	17	17216379	17216504	FLCN
17387	17	17236900	17237151	FLCN
17387	17	31095309	31095370	NF1
17387	17	35101200	35101366	RAD51D
17387	17	35119531	35119614	RAD51D
17387	17	43045677	43045803	BRCA1
17387	17	43049120	43049195	BRCA1
17387	17	43057051	43057136	BRCA1
17387	17	43067607	43067696	BRCA1
17387	17	43070927	43071239	BRCA1
17387	17	43082403	43082576	BRCA1
17387	17	43090943	43091033	BRCA1
17387	17	61780260	61780402	BRIP1
17387	18	51030201	51030635	SMAD4
17387	18	51058339	51058457	SMAD4
17387	19	1219323	1219414	STK11
17387	19	1220580	1220718	STK11
17387	19	1226453	1226648	STK11
17387	19	1227581	1228447	STK11
17389	1	45331419	45331557	MUTYH
17389	1	45332022	45332087	MUTYH
17389	1	45332390	45332489	MUTYH
17389	1	45332573	45332688	MUTYH
17389	1	45332762	45332835	MUTYH
17389	1	45332917	45332960	MUTYH
17389	1	241519590	241519723	FH
17389	2	47369505	47369582	EPCAM
17389	2	47373807	47374049	EPCAM
17389	2	47429741	47429942	MSH2
17389	2	47445547	47445658	MSH2
17389	2	47470964	47471063	MSH2
17389	2	47783233	47783494	MSH6
17389	3	10141847	10142188	VHL
17389	3	52403137	52403299	BAP1
17389	3	52404452	52404587	BAP1
17389	3	52405109	52405295	BAP1
17389	3	52406828	52406908	BAP1
17389	3	52409713	52409744	BAP1
17389	5	112821895	112821992	APC
17389	5	177133913	177133964	NSD1
17389	7	5977587	5977758	PMS2
17389	7	5978595	5978697	PMS2
17389	7	148817876	148818118	EZH2
17389	10	86756627	86756931	BMPR1A
17389	10	87864469	87864549	PTEN
17389	11	32399947	32400045	WT1
17389	11	32427955	32428059	WT1
17389	11	32434699	32435346	WT1
17389	11	64804333	64804817	MEN1
17389	11	64805033	64805199	MEN1
17389	11	64807178	64807220	MEN1
17389	11	64807551	64807681	MEN1
17389	11	108312410	108312499	ATM
17389	11	112086907	112086960	SDHD
17389	12	120993519	120993707	HNF1A
17389	12	120999267	120999390	HNF1A
17389	12	120999482	120999628	HNF1A
17389	12	121001064	121001193	HNF1A
17389	13	32315462	32315679	BRCA2
17389	13	32316460	32316528	BRCA2
17389	13	48303912	48304050	RB1
17389	13	48347824	48347864	RB1
17389	13	48348955	48349024	RB1
17389	13	48380052	48380085	RB1
17389	13	48380164	48380242	RB1
17389	13	48477354	48477405	RB1
17389	16	68737415	68737464	CDH1
17389	16	68738296	68738412	CDH1
17389	17	7670608	7670716	TP53
17389	17	7675052	7675237	TP53
17389	17	7676520	7676595	TP53
17389	17	7687365	7687550	TP53
17389	17	17215184	17215317	FLCN
17389	17	17216379	17216504	FLCN
17389	17	17221536	17221629	FLCN
17389	17	31095309	31095370	NF1
17389	17	31374012	31374156	NF1
17389	17	35101200	35101366	RAD51D
17389	17	35103253	35103325	RAD51D
17389	17	43045677	43045803	BRCA1
17389	17	43049120	43049195	BRCA1
17389	17	43082403	43082576	BRCA1
17389	17	61780260	61780402	BRIP1
17389	18	51030201	51030635	SMAD4
17389	19	1206913	1207204	STK11
17389	19	1219323	1219414	STK11
17389	19	1220580	1220718	STK11
17389	19	1226453	1226648	STK11
17389	19	1227581	1228447	STK11
17391	1	45331419	45331557	MUTYH
17391	1	45331660	45331850	MUTYH
17391	1	45332390	45332489	MUTYH
17391	1	45332573	45332688	MUTYH
17391	1	45332762	45332835	MUTYH
17391	1	45332917	45332960	MUTYH
17391	1	241519590	241519723	FH
17391	2	47369505	47369582	EPCAM
17391	2	47373807	47374049	EPCAM
17391	2	47429741	47429942	MSH2
17391	2	47470964	47471063	MSH2
17391	2	47783233	47783494	MSH6
17391	3	10141847	10142188	VHL
17391	3	52403137	52403299	BAP1
17391	3	52404452	52404587	BAP1
17391	3	52405109	52405295	BAP1
17391	3	52409713	52409744	BAP1
17391	5	177133913	177133964	NSD1
17391	5	177291953	177292159	NSD1
17391	7	5977587	5977758	PMS2
17391	7	5978595	5978697	PMS2
17391	10	86756627	86756931	BMPR1A
17391	10	87864469	87864549	PTEN
17391	11	32427955	32428059	WT1
17391	11	32434699	32435346	WT1
17391	11	64804333	64804817	MEN1
17391	11	64805033	64805199	MEN1
17391	11	64807178	64807220	MEN1
17391	11	64807551	64807681	MEN1
17391	11	108312410	108312499	ATM
17391	11	112086907	112086960	SDHD
17391	12	120993519	120993707	HNF1A
17391	12	120999267	120999390	HNF1A
17391	12	120999482	120999628	HNF1A
17391	12	121001064	121001193	HNF1A
17391	13	32316460	32316528	BRCA2
17391	13	48303912	48304050	RB1
17391	13	48347824	48347864	RB1
17391	13	48348955	48349024	RB1
17391	13	48380052	48380085	RB1
17391	13	48380164	48380242	RB1
17391	13	48477354	48477405	RB1
17391	16	68737415	68737464	CDH1
17391	17	7670608	7670716	TP53
17391	17	7675052	7675237	TP53
17391	17	7676520	7676595	TP53
17391	17	7687365	7687550	TP53
17391	17	17215184	17215317	FLCN
17391	17	17216379	17216504	FLCN
17391	17	31095309	31095370	NF1
17391	17	31374012	31374156	NF1
17391	17	35101200	35101366	RAD51D
17391	17	35103253	35103325	RAD51D
17391	17	43045677	43045803	BRCA1
17391	17	43047642	43047704	BRCA1
17391	17	43049120	43049195	BRCA1
17391	17	43082403	43082576	BRCA1
17391	17	43090943	43091033	BRCA1
17391	17	61780260	61780402	BRIP1
17391	19	1206913	1207204	STK11
17391	19	1219323	1219414	STK11
17391	19	1220580	1220718	STK11
17391	19	1227581	1228447	STK11
17392	1	17053947	17054020	SDHB
17392	1	45331419	45331557	MUTYH
17392	1	45331660	45331850	MUTYH
17392	1	45332022	45332087	MUTYH
17392	1	45332165	45332311	MUTYH
17392	1	45332390	45332489	MUTYH
17392	1	45332573	45332688	MUTYH
17392	1	45332762	45332835	MUTYH
17392	1	45332917	45332960	MUTYH
17392	1	45333096	45333171	MUTYH
17392	1	45333284	45333325	MUTYH
17392	1	241519590	241519723	FH
17392	2	47369505	47369582	EPCAM
17392	2	47386571	47386614	EPCAM
17392	2	47429741	47429942	MSH2
17392	2	47470964	47471063	MSH2
17392	2	47783233	47783494	MSH6
17392	3	10141847	10142188	VHL
17392	3	52404452	52404587	BAP1
17392	3	52405109	52405295	BAP1
17392	3	52406828	52406908	BAP1
17392	3	52409713	52409744	BAP1
17392	3	52409841	52409879	BAP1
17392	5	177133913	177133964	NSD1
17392	7	5977587	5977758	PMS2
17392	7	5978595	5978697	PMS2
17392	10	86756627	86756931	BMPR1A
17392	10	87925512	87925558	PTEN
17392	11	32399947	32400045	WT1
17392	11	32427955	32428059	WT1
17392	11	32434699	32435346	WT1
17392	11	64804333	64804817	MEN1
17392	11	64805033	64805199	MEN1
17392	11	64807010	64807099	MEN1
17392	11	64807178	64807220	MEN1
17392	11	64807551	64807681	MEN1
17392	11	64807890	64808100	MEN1
17392	11	108227775	108227889	ATM
17392	11	112086907	112086960	SDHD
17392	12	120978768	120979095	HNF1A
17392	12	120988832	120989033	HNF1A
17392	12	120993519	120993707	HNF1A
17392	12	120996261	120996414	HNF1A
17392	12	120997473	120997666	HNF1A
17392	12	120999267	120999390	HNF1A
17392	12	120999482	120999628	HNF1A
17392	12	121001064	121001193	HNF1A
17392	13	32315462	32315679	BRCA2
17392	13	32316460	32316528	BRCA2
17392	13	48303912	48304050	RB1
17392	13	48347824	48347864	RB1
17392	13	48348955	48349024	RB1
17392	13	48380052	48380085	RB1
17392	13	48380164	48380242	RB1
17392	13	48477354	48477405	RB1
17392	16	68737415	68737464	CDH1
17392	17	7670608	7670716	TP53
17392	17	7675052	7675237	TP53
17392	17	7676520	7676595	TP53
17392	17	7687365	7687550	TP53
17392	17	17215184	17215317	FLCN
17392	17	17216379	17216504	FLCN
17392	17	17236900	17237151	FLCN
17392	17	31095309	31095370	NF1
17392	17	35101200	35101366	RAD51D
17392	17	35119531	35119614	RAD51D
17392	17	43045677	43045803	BRCA1
17392	17	43057051	43057136	BRCA1
17392	17	43067607	43067696	BRCA1
17392	17	43070927	43071239	BRCA1
17392	17	43082403	43082576	BRCA1
17392	18	51030201	51030635	SMAD4
17392	18	51058339	51058457	SMAD4
17392	19	1219323	1219414	STK11
17392	19	1220580	1220718	STK11
17392	19	1226453	1226648	STK11
17392	19	1227581	1228447	STK11
17397	1	17053947	17054020	SDHB
17397	1	45331419	45331557	MUTYH
17397	1	45331660	45331850	MUTYH
17397	1	45332022	45332087	MUTYH
17397	1	45332165	45332311	MUTYH
17397	1	45332390	45332489	MUTYH
17397	1	45332573	45332688	MUTYH
17397	1	45332762	45332835	MUTYH
17397	1	45332917	45332960	MUTYH
17397	1	45333096	45333171	MUTYH
17397	1	45333284	45333325	MUTYH
17397	1	241519590	241519723	FH
17397	2	47369505	47369582	EPCAM
17397	2	47386571	47386614	EPCAM
17397	2	47429741	47429942	MSH2
17397	2	47445547	47445658	MSH2
17397	2	47470964	47471063	MSH2
17397	2	47783233	47783494	MSH6
17397	3	10141847	10142188	VHL
17397	3	52403137	52403299	BAP1
17397	3	52403415	52403895	BAP1
17397	3	52404452	52404587	BAP1
17397	3	52405109	52405295	BAP1
17397	3	52406828	52406908	BAP1
17397	3	52409713	52409744	BAP1
17397	3	52409841	52409879	BAP1
17397	5	177133913	177133964	NSD1
17397	7	5977587	5977758	PMS2
17397	7	5978595	5978697	PMS2
17397	10	86756627	86756931	BMPR1A
17397	10	87864469	87864549	PTEN
17397	11	32399947	32400045	WT1
17397	11	32427955	32428059	WT1
17397	11	32434699	32435346	WT1
17397	11	64804333	64804817	MEN1
17397	11	64805033	64805199	MEN1
17397	11	64807010	64807099	MEN1
17397	11	64807178	64807220	MEN1
17397	11	64807551	64807681	MEN1
17397	11	64807890	64808100	MEN1
17397	11	108227775	108227889	ATM
17397	11	108312410	108312499	ATM
17397	11	112086907	112086960	SDHD
17397	12	120988832	120989033	HNF1A
17397	12	120993519	120993707	HNF1A
17397	12	120996261	120996414	HNF1A
17397	12	120997473	120997666	HNF1A
17397	12	120999267	120999390	HNF1A
17397	12	120999482	120999628	HNF1A
17397	12	121001064	121001193	HNF1A
17397	13	32315462	32315679	BRCA2
17397	13	32316460	32316528	BRCA2
17397	13	48303912	48304050	RB1
17397	13	48347824	48347864	RB1
17397	13	48348955	48349024	RB1
17397	13	48380052	48380085	RB1
17397	13	48380164	48380242	RB1
17397	13	48477354	48477405	RB1
17397	16	68737415	68737464	CDH1
17397	16	68738296	68738412	CDH1
17397	17	7670608	7670716	TP53
17397	17	7675052	7675237	TP53
17397	17	7676520	7676595	TP53
17397	17	7687365	7687550	TP53
17397	17	17215184	17215317	FLCN
17397	17	17216379	17216504	FLCN
17397	17	17221536	17221629	FLCN
17397	17	17236900	17237151	FLCN
17397	17	31095309	31095370	NF1
17397	17	35101200	35101366	RAD51D
17397	17	35119531	35119614	RAD51D
17397	17	43045677	43045803	BRCA1
17397	17	43057051	43057136	BRCA1
17397	17	43067607	43067696	BRCA1
17397	17	43070927	43071239	BRCA1
17397	17	43082403	43082576	BRCA1
17397	17	61780260	61780402	BRIP1
17397	18	51030201	51030635	SMAD4
17397	18	51058339	51058457	SMAD4
17397	19	1206913	1207204	STK11
17397	19	1219323	1219414	STK11
17397	19	1220580	1220718	STK11
17397	19	1226453	1226648	STK11
17397	19	1227581	1228447	STK11
17398	1	45331419	45331557	MUTYH
17398	1	45332390	45332489	MUTYH
17398	1	45332762	45332835	MUTYH
17398	1	241519590	241519723	FH
17398	2	47369505	47369582	EPCAM
17398	2	47373807	47374049	EPCAM
17398	2	47783233	47783494	MSH6
17398	3	10141847	10142188	VHL
17398	3	52405109	52405295	BAP1
17398	3	52406828	52406908	BAP1
17398	3	52409713	52409744	BAP1
17398	5	177133913	177133964	NSD1
17398	5	177291953	177292159	NSD1
17398	7	5977587	5977758	PMS2
17398	7	5978595	5978697	PMS2
17398	7	148817876	148818118	EZH2
17398	10	86756627	86756931	BMPR1A
17398	11	32399947	32400045	WT1
17398	11	32427955	32428059	WT1
17398	11	32434699	32435346	WT1
17398	11	64804333	64804817	MEN1
17398	11	64807178	64807220	MEN1
17398	11	112086907	112086960	SDHD
17398	12	120993519	120993707	HNF1A
17398	12	120999267	120999390	HNF1A
17398	12	120999482	120999628	HNF1A
17398	12	121001064	121001193	HNF1A
17398	13	48303912	48304050	RB1
17398	13	48347824	48347864	RB1
17398	13	48380052	48380085	RB1
17398	16	68737415	68737464	CDH1
17398	17	7670608	7670716	TP53
17398	17	7675052	7675237	TP53
17398	17	7676520	7676595	TP53
17398	17	7687365	7687550	TP53
17398	17	17215184	17215317	FLCN
17398	17	17221536	17221629	FLCN
17398	17	31095309	31095370	NF1
17398	17	31374012	31374156	NF1
17398	17	35101200	35101366	RAD51D
17398	17	35103253	35103325	RAD51D
17398	17	43045677	43045803	BRCA1
17398	17	43049120	43049195	BRCA1
17398	17	43082403	43082576	BRCA1
17398	19	1219323	1219414	STK11
17398	19	1220580	1220718	STK11
17398	19	1227581	1228447	STK11
17399	1	45331419	45331557	MUTYH
17399	1	45332762	45332835	MUTYH
17399	1	241519590	241519723	FH
17399	2	47369505	47369582	EPCAM
17399	2	47373807	47374049	EPCAM
17399	2	47429741	47429942	MSH2
17399	2	47783233	47783494	MSH6
17399	3	10141847	10142188	VHL
17399	3	52405109	52405295	BAP1
17399	3	52406828	52406908	BAP1
17399	5	112821895	112821992	APC
17399	5	177133913	177133964	NSD1
17399	5	177291953	177292159	NSD1
17399	7	5977587	5977758	PMS2
17399	7	5978595	5978697	PMS2
17399	7	148817876	148818118	EZH2
17399	10	86756627	86756931	BMPR1A
17399	10	87864469	87864549	PTEN
17399	11	32427955	32428059	WT1
17399	11	32434699	32435346	WT1
17399	11	64804333	64804817	MEN1
17399	11	64807178	64807220	MEN1
17399	11	112086907	112086960	SDHD
17399	12	120993519	120993707	HNF1A
17399	12	120999267	120999390	HNF1A
17399	12	120999482	120999628	HNF1A
17399	12	121001064	121001193	HNF1A
17399	13	32396897	32397045	BRCA2
17399	13	48303912	48304050	RB1
17399	13	48347824	48347864	RB1
17399	13	48380052	48380085	RB1
17399	13	48477354	48477405	RB1
17399	16	68737415	68737464	CDH1
17399	17	7670608	7670716	TP53
17399	17	7675052	7675237	TP53
17399	17	7676520	7676595	TP53
17399	17	7687365	7687550	TP53
17399	17	17215184	17215317	FLCN
17399	17	17221536	17221629	FLCN
17399	17	31095309	31095370	NF1
17399	17	31374012	31374156	NF1
17399	17	35101200	35101366	RAD51D
17399	17	35103253	35103325	RAD51D
17399	17	43045677	43045803	BRCA1
17399	17	43047642	43047704	BRCA1
17399	17	43049120	43049195	BRCA1
17399	17	43082403	43082576	BRCA1
17399	17	61780260	61780402	BRIP1
17399	19	1219323	1219414	STK11
17399	19	1220580	1220718	STK11
17399	19	1227581	1228447	STK11
17401	1	17053947	17054020	SDHB
17401	1	45331419	45331557	MUTYH
17401	1	45332022	45332087	MUTYH
17401	1	45332390	45332489	MUTYH
17401	1	45332573	45332688	MUTYH
17401	1	45332762	45332835	MUTYH
17401	1	45332917	45332960	MUTYH
17401	1	241519590	241519723	FH
17401	2	47369505	47369582	EPCAM
17401	2	47373807	47374049	EPCAM
17401	2	47386571	47386614	EPCAM
17401	2	47445547	47445658	MSH2
17401	2	47470964	47471063	MSH2
17401	2	47783233	47783494	MSH6
17401	3	10141847	10142188	VHL
17401	3	37000954	37001054	MLH1
17401	3	52405109	52405295	BAP1
17401	3	52409713	52409744	BAP1
17401	5	177133913	177133964	NSD1
17401	5	177291953	177292159	NSD1
17401	7	5977587	5977758	PMS2
17401	7	5978595	5978697	PMS2
17401	7	148817876	148818118	EZH2
17401	10	86756627	86756931	BMPR1A
17401	11	32427955	32428059	WT1
17401	11	32434699	32435346	WT1
17401	11	64804333	64804817	MEN1
17401	11	64807178	64807220	MEN1
17401	11	112086907	112086960	SDHD
17401	12	120993519	120993707	HNF1A
17401	12	120999267	120999390	HNF1A
17401	12	120999482	120999628	HNF1A
17401	12	121001064	121001193	HNF1A
17401	13	48303912	48304050	RB1
17401	13	48347824	48347864	RB1
17401	13	48380052	48380085	RB1
17401	13	48477354	48477405	RB1
17401	16	68737415	68737464	CDH1
17401	17	7670608	7670716	TP53
17401	17	7673700	7673838	TP53
17401	17	7675052	7675237	TP53
17401	17	7676520	7676595	TP53
17401	17	7687365	7687550	TP53
17401	17	17215184	17215317	FLCN
17401	17	17221536	17221629	FLCN
17401	17	31095309	31095370	NF1
17401	17	31358968	31359016	NF1
17401	17	31374012	31374156	NF1
17401	17	35101200	35101366	RAD51D
17401	17	35103253	35103325	RAD51D
17401	17	43045677	43045803	BRCA1
17401	17	43047642	43047704	BRCA1
17401	17	43049120	43049195	BRCA1
17401	17	43057051	43057136	BRCA1
17401	17	43082403	43082576	BRCA1
17401	17	43115725	43115780	BRCA1
17401	17	61780260	61780402	BRIP1
17401	19	1220580	1220718	STK11
17401	19	1227581	1228447	STK11
17402	1	17053947	17054020	SDHB
17402	1	45331419	45331557	MUTYH
17402	1	45331660	45331850	MUTYH
17402	1	45332022	45332087	MUTYH
17402	1	45332165	45332311	MUTYH
17402	1	45332390	45332489	MUTYH
17402	1	45332573	45332688	MUTYH
17402	1	45332762	45332835	MUTYH
17402	1	45332917	45332960	MUTYH
17402	1	45333096	45333171	MUTYH
17402	1	45333284	45333325	MUTYH
17402	1	241519590	241519723	FH
17402	2	47369505	47369582	EPCAM
17402	2	47386571	47386614	EPCAM
17402	2	47429741	47429942	MSH2
17402	2	47470964	47471063	MSH2
17402	2	47783233	47783494	MSH6
17402	3	10141847	10142188	VHL
17402	3	52405109	52405295	BAP1
17402	3	52406828	52406908	BAP1
17402	3	52409713	52409744	BAP1
17402	3	52409841	52409879	BAP1
17402	5	177133913	177133964	NSD1
17402	7	5977587	5977758	PMS2
17402	7	5978595	5978697	PMS2
17402	10	86756627	86756931	BMPR1A
17402	10	87864469	87864549	PTEN
17402	11	32399947	32400045	WT1
17402	11	32427955	32428059	WT1
17402	11	32434699	32435346	WT1
17402	11	64804333	64804817	MEN1
17402	11	64805033	64805199	MEN1
17402	11	64807010	64807099	MEN1
17402	11	64807178	64807220	MEN1
17402	11	64807551	64807681	MEN1
17402	11	64807890	64808100	MEN1
17402	11	108227775	108227889	ATM
17402	11	112086907	112086960	SDHD
17402	12	120988832	120989033	HNF1A
17402	12	120993519	120993707	HNF1A
17402	12	120996261	120996414	HNF1A
17402	12	120997473	120997666	HNF1A
17402	12	120999267	120999390	HNF1A
17402	12	120999482	120999628	HNF1A
17402	12	121001064	121001193	HNF1A
17402	13	32315462	32315679	BRCA2
17402	13	48303912	48304050	RB1
17402	13	48348955	48349024	RB1
17402	13	48380052	48380085	RB1
17402	13	48380164	48380242	RB1
17402	13	48477354	48477405	RB1
17402	16	68737415	68737464	CDH1
17402	16	68738296	68738412	CDH1
17402	17	7670608	7670716	TP53
17402	17	7675052	7675237	TP53
17402	17	7676520	7676595	TP53
17402	17	7687365	7687550	TP53
17402	17	17215184	17215317	FLCN
17402	17	17216379	17216504	FLCN
17402	17	31095309	31095370	NF1
17402	17	35101200	35101366	RAD51D
17402	17	35119531	35119614	RAD51D
17402	17	43045677	43045803	BRCA1
17402	17	43057051	43057136	BRCA1
17402	17	43067607	43067696	BRCA1
17402	17	43082403	43082576	BRCA1
17402	18	51030201	51030635	SMAD4
17402	18	51058339	51058457	SMAD4
17402	19	1219323	1219414	STK11
17402	19	1220580	1220718	STK11
17402	19	1226453	1226648	STK11
17402	19	1227581	1228447	STK11
17403	1	17053947	17054020	SDHB
17403	1	45331419	45331557	MUTYH
17403	1	45331660	45331850	MUTYH
17403	1	45332022	45332087	MUTYH
17403	1	45332165	45332311	MUTYH
17403	1	45332390	45332489	MUTYH
17403	1	45332573	45332688	MUTYH
17403	1	45332762	45332835	MUTYH
17403	1	45332917	45332960	MUTYH
17403	1	45333096	45333171	MUTYH
17403	1	45333284	45333325	MUTYH
17403	1	241519590	241519723	FH
17403	2	47369505	47369582	EPCAM
17403	2	47386571	47386614	EPCAM
17403	2	47414268	47414419	MSH2
17403	2	47429741	47429942	MSH2
17403	2	47445547	47445658	MSH2
17403	2	47470964	47471063	MSH2
17403	2	47783233	47783494	MSH6
17403	3	10141847	10142188	VHL
17403	3	52404452	52404587	BAP1
17403	3	52405109	52405295	BAP1
17403	3	52407398	52407461	BAP1
17403	3	52409713	52409744	BAP1
17403	3	52409841	52409879	BAP1
17403	5	112775628	112775738	APC
17403	5	177133913	177133964	NSD1
17403	7	5977587	5977758	PMS2
17403	7	5978595	5978697	PMS2
17403	10	86756627	86756931	BMPR1A
17403	10	86923375	86923507	BMPR1A
17403	10	87864469	87864549	PTEN
17403	11	32399947	32400045	WT1
17403	11	32427955	32428059	WT1
17403	11	32434699	32435346	WT1
17403	11	64804333	64804817	MEN1
17403	11	64805033	64805199	MEN1
17403	11	64807178	64807220	MEN1
17403	11	64807551	64807681	MEN1
17403	11	64807890	64808100	MEN1
17403	11	64810618	64810728	MEN1
17403	11	108227775	108227889	ATM
17403	11	112086907	112086960	SDHD
17403	12	120988832	120989033	HNF1A
17403	12	120993519	120993707	HNF1A
17403	12	120996261	120996414	HNF1A
17403	12	120997473	120997666	HNF1A
17403	12	120999267	120999390	HNF1A
17403	12	120999482	120999628	HNF1A
17403	12	121001064	121001193	HNF1A
17403	13	32315462	32315679	BRCA2
17403	13	32316460	32316528	BRCA2
17403	13	48303912	48304050	RB1
17403	13	48347824	48347864	RB1
17403	13	48348955	48349024	RB1
17403	13	48380052	48380085	RB1
17403	13	48380164	48380242	RB1
17403	13	48477354	48477405	RB1
17403	16	68737415	68737464	CDH1
17403	16	68738296	68738412	CDH1
17403	17	7670608	7670716	TP53
17403	17	7673700	7673838	TP53
17403	17	7675052	7675237	TP53
17403	17	7676520	7676595	TP53
17403	17	7687365	7687550	TP53
17403	17	17215184	17215317	FLCN
17403	17	17216379	17216504	FLCN
17403	17	17236900	17237151	FLCN
17403	17	31095309	31095370	NF1
17403	17	35101200	35101366	RAD51D
17403	17	35119531	35119614	RAD51D
17403	17	43045677	43045803	BRCA1
17403	17	43049120	43049195	BRCA1
17403	17	43057051	43057136	BRCA1
17403	17	43070927	43071239	BRCA1
17403	17	43082403	43082576	BRCA1
17403	18	51030201	51030635	SMAD4
17403	19	1219323	1219414	STK11
17403	19	1220580	1220718	STK11
17403	19	1226453	1226648	STK11
17403	19	1227581	1228447	STK11
